   MONTH       DAY      YEAR     TOTAL  
                                PRECIP  
                                INCHES  
       9         6      2018      0.00  
       9         7      2018      1.38  
       9         8      2018      2.33  
       9         9      2018      0.03  
       9        10      2018      0.00  
       9        11      2018      0.00  
       9        12      2018      0.00  
       9        13      2018      0.00  
       9        14      2018      0.00  
       9        15      2018      0.00  
       9        16      2018      0.00  
       9        17      2018      0.00  
       9        18      2018      0.00  
       9        19      2018      1.08  
       9        20      2018      0.00  
       9        21      2018      0.27  
       9        22      2018      0.00  
       9        23      2018      0.00  
       9        24      2018      0.01  
       9        25      2018      0.00  
       9        26      2018      0.63  
       9        27      2018      0.00  
       9        28      2018      0.00  
       9        29      2018      0.00  
       9        30      2018      0.00  
      10         1      2018      0.00  
      10         2      2018      0.00  
      10         3      2018      0.00  
      10         4      2018      0.00  
      10         5      2018      0.00  
      10         6      2018      0.33  
      10         7      2018      0.03  
      10         8      2018      0.00  
      10         9      2018      0.00  
      10        10      2018      0.20  
      10        11      2018      0.00  
      10        12      2018      0.34  
      10        13      2018      0.01  
      10        14      2018      0.12  
      10        15      2018      0.00  
      10        16      2018      0.00  
      10        17      2018      0.00  
      10        18      2018      0.00  
      10        19      2018      0.00  
      10        20      2018      0.00  
      10        21      2018      0.00  
      10        22      2018      0.00  
      10        23      2018      0.00  
      10        24      2018      0.00  
      10        25      2018      0.29  
      10        26      2018      0.51  
      10        27      2018      0.00  
      10        28      2018      0.00  
      10        29      2018      0.00  
      10        30      2018      0.00  
      10        31      2018      1.23  
      11         1      2018      1.12  
      11         2      2018      0.05  
      11         3      2018      0.00  
      11         4      2018      0.67  
      11         5      2018      0.98  
      11         6      2018      0.01  
      11         7      2018      0.00  
      11         8      2018      0.18  
      11         9      2018      0.02  
      11        10      2018      0.00  
      11        11      2018      0.00  
      11        12      2018      0.03  
      11        13      2018      0.00  
      11        14      2018      0.01  
      11        15      2018      0.08  
      11        16      2018      0.33  
      11        17      2018      0.00  
      11        18      2018      0.24  
      11        19      2018      0.03  
      11        20      2018      0.00  
      11        21      2018      0.00  
      11        22      2018      0.00  
      11        23      2018      0.39  
      11        24      2018      0.00  
      11        25      2018      0.35  
      11        26      2018      0.00  
      11        27      2018      0.00  
      11        28      2018      0.00  
      11        29      2018      0.00  
      11        30      2018      0.00  
      12         1      2018      1.41  
      12         2      2018      0.00  
      12         3      2018      0.01  
      12         4      2018      0.11  
      12         5      2018      0.00  
      12         6      2018      0.13  
      12         7      2018      0.00  
      12         8      2018      0.00  
      12         9      2018      0.00  
      12        10      2018      0.00  
      12        11      2018      0.00  
      12        12      2018      0.00  
      12        13      2018      0.74  
      12        14      2018      1.09  
      12        15      2018      0.74  
      12        16      2018      0.00  
      12        17      2018      0.00  
      12        18      2018      0.00  
      12        19      2018      0.00  
      12        20      2018      0.09  
      12        21      2018      0.00  
      12        22      2018      0.00  
      12        23      2018      0.00  
      12        24      2018      0.00  
      12        25      2018      0.00  
      12        26      2018      0.04  
      12        27      2018      0.90  
      12        28      2018      0.00  
      12        29      2018      0.00  
      12        30      2018      0.09  
      12        31      2018      1.71  
       1         1      2019      0.00  
       1         2      2019      0.00  
       1         3      2019      0.00  
       1         4      2019      0.00  
       1         5      2019      0.00  
       1         6      2019      0.00  
       1         7      2019      0.09  
       1         8      2019      0.00  
       1         9      2019      0.00  
       1        10      2019      0.00  
       1        11      2019      0.00  
       1        12      2019      0.71  
       1        13      2019      0.13  
       1        14      2019      0.05  
       1        15      2019      0.24  
       1        16      2019      0.00  
       1        17      2019      0.01  
       1        18      2019      0.33  
       1        19      2019      0.41  
       1        20      2019      0.00  
       1        21      2019      0.00  
       1        22      2019      1.08  
       1        23      2019      0.63  
       1        24      2019      0.00  
       1        25      2019      0.00  
       1        26      2019      0.00  
       1        27      2019      0.00  
       1        28      2019      0.04  
       1        29      2019      0.00  
       1        30      2019      0.00  
       1        31      2019      0.00  
       2         1      2019      0.02  
       2         2      2019      0.00  
       2         3      2019      0.00  
       2         4      2019      0.00  
       2         5      2019      0.04  
       2         6      2019      1.44  
       2         7      2019      1.83  
       2         8      2019      0.00  
       2         9      2019      0.00  
       2        10      2019      0.22  
       2        11      2019      0.43  
       2        12      2019      0.05  
       2        13      2019      0.00  
       2        14      2019      0.00  
       2        15      2019      0.00  
       2        16      2019      0.13  
       2        17      2019      0.00  
       2        18      2019      0.00  
       2        19      2019      0.00  
       2        20      2019      0.74  
       2        21      2019      0.00  
       2        22      2019      0.03  
       2        23      2019      0.13  
       2        24      2019      0.00  
       2        25      2019      0.00  
       2        26      2019      0.00  
       2        27      2019      0.00  
       2        28      2019      0.02  
       3         1      2019      0.00  
       3         2      2019      0.01  
       3         3      2019      0.00  
       3         4      2019      0.02  
       3         5      2019      0.00  
       3         6      2019      0.03  
       3         7      2019      0.00  
       3         8      2019      0.02  
       3         9      2019      1.83  
       3        10      2019      0.00  
       3        11      2019      0.00  
       3        12      2019      0.18  
       3        13      2019      1.15  
       3        14      2019      0.00  
       3        15      2019      0.00  
       3        16      2019      0.00  
       3        17      2019      0.00  
       3        18      2019      0.00  
       3        19      2019      0.00  
       3        20      2019      0.02  
       3        21      2019      0.00  
       3        22      2019      0.00  
       3        23      2019      0.07  
       3        24      2019      0.54  
       3        25      2019      0.00  
       3        26      2019      0.00  
       3        27      2019      0.00  
       3        28      2019      0.40  
       3        29      2019      0.09  
       3        30      2019      1.95  
       3        31      2019      0.00  
       4         1      2019      0.00  
       4         2      2019      0.00  
       4         3      2019      0.00  
       4         4      2019      0.33  
       4         5      2019      0.01  
       4         6      2019      0.00  
       4         7      2019      0.27  
       4         8      2019      0.00  
       4         9      2019      0.00  
       4        10      2019      0.00  
       4        11      2019      0.30  
       4        12      2019      0.00  
       4        13      2019      0.28  
       4        14      2019      0.65  
       4        15      2019      0.00  
       4        16      2019      0.00  
       4        17      2019      0.11  
       4        18      2019      0.97  
       4        19      2019      0.00  
       4        20      2019      0.00  
       4        21      2019      0.00  
       4        22      2019      0.00  
       4        23      2019      0.02  
       4        24      2019      0.53  
       4        25      2019      0.51  
       4        26      2019      0.00  
       4        27      2019      0.07  
       4        28      2019      0.00  
       4        29      2019      0.05  
       4        30      2019      1.55  
       5         1      2019      0.27  
       5         2      2019      0.52  
       5         3      2019      0.04  
       5         4      2019      0.25  
       5         5      2019      0.00  
       5         6      2019      0.00  
       5         7      2019      0.65  
       5         8      2019      0.76  
       5         9      2019      0.10  
       5        10      2019      0.00  
       5        11      2019      0.53  
       5        12      2019      0.01  
       5        13      2019      0.00  
       5        14      2019      0.00  
       5        15      2019      0.06  
       5        16      2019      0.00  
       5        17      2019      0.00  
       5        18      2019      0.00  
       5        19      2019      0.15  
       5        20      2019      0.00  
       5        21      2019      1.97  
       5        22      2019      0.00  
       5        23      2019      0.89  
       5        24      2019      0.00  
       5        25      2019      0.00  
       5        26      2019      0.02  
       5        27      2019      0.00  
       5        28      2019      0.00  
       5        29      2019      0.92  
       5        30      2019      0.00  
       5        31      2019      0.00  
       6         1      2019      0.84  
       6         2      2019      0.00  
       6         3      2019      0.00  
       6         4      2019      0.30  
       6         5      2019      1.17  
       6         6      2019      0.00  
       6         7      2019      0.00  
       6         8      2019      0.07  
       6         9      2019      0.00  
       6        10      2019      0.00  
       6        11      2019      0.00  
       6        12      2019      0.22  
       6        13      2019      0.01  
       6        14      2019      0.00  
       6        15      2019      0.31  
       6        16      2019      0.37  
       6        17      2019      0.07  
       6        18      2019      0.00  
       6        19      2019      0.00  
       6        20      2019      0.00  
       6        21      2019      1.18  
       6        22      2019      0.60  
       6        23      2019      0.09  
       6        24      2019      0.00  
       6        25      2019      0.00  
       6        26      2019      0.38  
       6        27      2019      0.00  
       6        28      2019      0.06  
       6        29      2019      0.00  
       6        30      2019      0.00  
       7         1      2019      0.85  
       7         2      2019      0.03  
       7         3      2019      0.03  
       7         4      2019      0.00  
       7         5      2019      0.06  
       7         6      2019      0.00  
       7         7      2019      0.00  
       7         8      2019      0.00  
       7         9      2019      0.00  
       7        10      2019      0.00  
       7        11      2019      0.00  
       7        12      2019      0.00  
       7        13      2019      0.00  
       7        14      2019      0.00  
       7        15      2019      0.60  
       7        16      2019      0.32  
       7        17      2019      0.96  
       7        18      2019      0.00  
       7        19      2019      0.00  
       7        20      2019      0.00  
       7        21      2019      0.00  
       7        22      2019      5.18  
       7        23      2019      0.00  
       7        24      2019      0.00  
       7        25      2019      0.00  
       7        26      2019      0.00  
       7        27      2019      0.00  
       7        28      2019      0.00  
       7        29      2019      0.19  
       7        30      2019      0.00  
       7        31      2019      0.00  
       8         1      2019      0.00  
       8         2      2019      0.00  
       8         3      2019      0.00  
       8         4      2019      0.00  
       8         5      2019      0.00  
       8         6      2019      0.08  
       8         7      2019      0.00  
       8         8      2019      0.00  
       8         9      2019      0.00  
       8        10      2019      0.00  
       8        11      2019      0.24  
       8        12      2019      0.34  
       8        13      2019      0.25  
       8        14      2019      0.00  
       8        15      2019      0.00  
       8        16      2019      0.00  
       8        17      2019      0.00  
       8        18      2019      0.00  
       8        19      2019      0.10  
       8        20      2019      0.00  
       8        21      2019      0.61  
       8        22      2019      0.34  
       8        23      2019      0.00  
       8        24      2019      0.00  
       8        25      2019      0.89  
       8        26      2019      0.74  
       8        27      2019      0.04  
       8        28      2019      0.00  
       8        29      2019      0.00  
       8        30      2019      1.65  
       8        31      2019      0.13  
       9         1      2019      0.00  
       9         2      2019      0.00  
       9         3      2019      0.00  
       9         4      2019      0.00  
       9         5      2019      0.00  
       9         6      2019      0.00  
       9         7      2019      0.00  
       9         8      2019      0.76  
       9         9      2019      0.00  
       9        10      2019      0.00  
       9        11      2019      0.00  
       9        12      2019      0.00  
       9        13      2019      0.00  
       9        14      2019      0.00  
       9        15      2019      0.00  
       9        16      2019      0.00  
       9        17      2019      0.00  
       9        18      2019      0.00  
       9        19      2019      0.00  
       9        20      2019      0.08  
       9        21      2019      0.00  
       9        22      2019      0.32  
       9        23      2019      0.00  
       9        24      2019      0.00  
       9        25      2019      0.00  
       9        26      2019      0.00  
       9        27      2019      0.00  
       9        28      2019      0.01  
       9        29      2019      0.00  
       9        30      2019      0.00  
      10         1      2019      0.00  
      10         2      2019      0.00  
      10         3      2019      0.00  
      10         4      2019      0.00  
      10         5      2019      0.06  
      10         6      2019      0.02  
      10         7      2019      0.00  
      10         8      2019      0.00  
      10         9      2019      0.00  
      10        10      2019      0.78  
      10        11      2019      0.35  
      10        12      2019      0.00  
      10        13      2019      0.00  
      10        14      2019      0.00  
      10        15      2019      0.00  
      10        16      2019      0.00  
      10        17      2019      0.00  
      10        18      2019      0.00  
      10        19      2019      0.00  
      10        20      2019      0.00  
      10        21      2019      0.30  
      10        22      2019      0.00  
      10        23      2019      0.00  
      10        24      2019      0.02  
      10        25      2019      0.00  
      10        26      2019      1.14  
      10        27      2019      0.00  
      10        28      2019      0.00  
      10        29      2019      0.80  
      10        30      2019      0.37  
      10        31      2019      0.02  
      11         1      2019      0.00  
      11         2      2019      0.00  
      11         3      2019      0.00  
      11         4      2019      0.00  
      11         5      2019      0.04  
      11         6      2019      0.01  
      11         7      2019      0.00  
      11         8      2019      0.00  
      11         9      2019      0.00  
      11        10      2019      0.00  
      11        11      2019      0.14  
      11        12      2019      0.00  
      11        13      2019      0.02  
      11        14      2019      0.00  
      11        15      2019      0.00  
      11        16      2019      0.00  
      11        17      2019      0.00  
      11        18      2019      0.00  
      11        19      2019      0.00  
      11        20      2019      0.00  
      11        21      2019      0.39  
      11        22      2019      0.01  
      11        23      2019      0.14  
      11        24      2019      0.00  
      11        25      2019      0.00  
      11        26      2019      0.49  
      11        27      2019      0.01  
      11        28      2019      0.02  
      11        29      2019      0.76  
      11        30      2019      1.03  
      12         1      2019      0.00  
      12         2      2019      0.00  
      12         3      2019      0.00  
      12         4      2019      0.00  
      12         5      2019      0.00  
      12         6      2019      0.00  
      12         7      2019      0.00  
      12         8      2019      0.00  
      12         9      2019      0.01  
      12        10      2019      0.00  
      12        11      2019      0.00  
      12        12      2019      0.00  
      12        13      2019      0.00  
      12        14      2019      0.08  
      12        15      2019      0.00  
      12        16      2019      0.00  
      12        17      2019      0.24  
      12        18      2019      0.00  
      12        19      2019      0.00  
      12        20      2019      0.00  
      12        21      2019      0.00  
      12        22      2019      0.00  
      12        23      2019      0.00  
      12        24      2019      0.00  
      12        25      2019      0.00  
      12        26      2019      0.00  
      12        27      2019      0.00  
      12        28      2019      0.32  
      12        29      2019      0.56  
      12        30      2019      0.00  
      12        31      2019      0.00  
       1         1      2020      0.00  
       1         2      2020      0.00  
       1         3      2020      0.00  
       1         4      2020      0.00  
       1         5      2020      0.00  
       1         6      2020      0.00  
       1         7      2020      0.00  
       1         8      2020      0.00  
       1         9      2020      0.92  
       1        10      2020      1.96  
       1        11      2020      0.96  
       1        12      2020      0.01  
       1        13      2020      0.23  
       1        14      2020      0.00  
       1        15      2020      0.00  
       1        16      2020      0.00  
       1        17      2020      0.00  
       1        18      2020      1.59  
       1        19      2020      0.00  
       1        20      2020      0.00  
       1        21      2020      0.00  
       1        22      2020      0.00  
       1        23      2020      0.44  
       1        24      2020      0.25  
       1        25      2020      0.00  
       1        26      2020      0.00  
       1        27      2020      0.00  
       1        28      2020      0.00  
       1        29      2020      0.02  
       1        30      2020      0.00  
       1        31      2020      0.00  
       2         1      2020      0.00  
       2         2      2020      0.00  
       2         3      2020      0.00  
       2         4      2020      0.13  
       2         5      2020      0.06  
       2         6      2020      0.01  
       2         7      2020      0.08  
       2         8      2020      0.01  
       2         9      2020      0.57  
       2        10      2020      0.03  
       2        11      2020      0.00  
       2        12      2020      0.48  
       2        13      2020      0.03  
       2        14      2020      0.00  
       2        15      2020      0.00  
       2        16      2020      0.00  
       2        17      2020      0.15  
       2        18      2020      0.00  
       2        19      2020      0.00  
       2        20      2020      0.00  
       2        21      2020      0.00  
       2        22      2020      0.00  
       2        23      2020      0.00  
       2        24      2020      0.60  
       2        25      2020      0.05  
       2        26      2020      0.06  
       2        27      2020      0.00  
       2        28      2020      0.00  
       2        29      2020      0.00  
       3         1      2020      0.21  
       3         2      2020      0.26  
       3         3      2020      0.00  
       3         4      2020      0.00  
       3         5      2020      0.00  
       3         6      2020      0.00  
       3         7      2020      0.00  
       3         8      2020      0.00  
       3         9      2020      0.55  
       3        10      2020      0.06  
       3        11      2020      0.00  
       3        12      2020      0.36  
       3        13      2020      0.00  
       3        14      2020      0.41  
       3        15      2020      0.00  
       3        16      2020      0.03  
       3        17      2020      0.00  
       3        18      2020      0.23  
       3        19      2020      1.04  
       3        20      2020      0.00  
       3        21      2020      0.00  
       3        22      2020      0.17  
       3        23      2020      0.00  
       3        24      2020      0.16  
       3        25      2020      0.00  
       3        26      2020      0.02  
       3        27      2020      0.02  
       3        28      2020      0.10  
       3        29      2020      0.00  
       3        30      2020      0.00  
       3        31      2020      0.00  
       4         1      2020      0.00  
       4         2      2020      0.00  
       4         3      2020      0.00  
       4         4      2020      0.02  
       4         5      2020      0.00  
       4         6      2020      0.00  
       4         7      2020      0.00  
       4         8      2020      0.00  
       4         9      2020      0.00  
       4        10      2020      0.00  
       4        11      2020      0.00  
       4        12      2020      0.48  
       4        13      2020      0.00  
       4        14      2020      0.00  
       4        15      2020      0.00  
       4        16      2020      0.00  
       4        17      2020      0.14  
       4        18      2020      0.00  
       4        19      2020      0.00  
       4        20      2020      0.00  
       4        21      2020      0.00  
       4        22      2020      0.07  
       4        23      2020      0.62  
       4        24      2020      0.60  
       4        25      2020      0.75  
       4        26      2020      0.00  
       4        27      2020      0.00  
       4        28      2020      1.50  
       4        29      2020      0.31  
       4        30      2020      0.00  
       5         1      2020      0.00  
       5         2      2020      0.00  
       5         3      2020      0.00  
       5         4      2020      0.34  
       5         5      2020      0.19  
       5         6      2020      0.02  
       5         7      2020      0.04  
       5         8      2020      0.38  
       5         9      2020      0.00  
       5        10      2020      0.00  
       5        11      2020      0.00  
       5        12      2020      0.00  
       5        13      2020      0.05  
       5        14      2020      0.00  
       5        15      2020      0.27  
       5        16      2020      0.72  
       5        17      2020      0.67  
       5        18      2020      0.01  
       5        19      2020      0.00  
       5        20      2020      0.05  
       5        21      2020      0.00  
       5        22      2020      0.00  
       5        23      2020      0.00  
       5        24      2020      0.17  
       5        25      2020      0.02  
       5        26      2020      0.00  
       5        27      2020      0.72  
       5        28      2020      0.36  
       5        29      2020      0.18  
       5        30      2020      0.00  
       5        31      2020      0.00  
       6         1      2020      0.00  
       6         2      2020      0.00  
       6         3      2020      0.04  
       6         4      2020      0.02  
       6         5      2020      0.00  
       6         6      2020      0.00  
       6         7      2020      0.00  
       6         8      2020      0.00  
       6         9      2020      0.10  
       6        10      2020      0.01  
       6        11      2020      0.00  
       6        12      2020      0.00  
       6        13      2020      0.00  
       6        14      2020      0.00  
       6        15      2020      0.00  
       6        16      2020      0.00  
       6        17      2020      0.00  
       6        18      2020      0.00  
       6        19      2020      0.00  
       6        20      2020      0.18  
       6        21      2020      0.61  
       6        22      2020      0.49  
       6        23      2020      0.00  
       6        24      2020      0.00  
       6        25      2020      0.00  
       6        26      2020      0.00  
       6        27      2020      0.00  
       6        28      2020      0.05  
       6        29      2020      0.30  
       6        30      2020      2.36  
       7         1      2020      0.01  
       7         2      2020      0.00  
       7         3      2020      0.00  
       7         4      2020      0.00  
       7         5      2020      0.00  
       7         6      2020      0.00  
       7         7      2020      0.29  
       7         8      2020      1.01  
       7         9      2020      0.00  
       7        10      2020      0.00  
       7        11      2020      0.00  
       7        12      2020      0.00  
       7        13      2020      0.00  
       7        14      2020      0.00  
       7        15      2020      0.81  
       7        16      2020      0.00  
       7        17      2020      0.00  
       7        18      2020      0.00  
       7        19      2020      0.34  
       7        20      2020      0.00  
       7        21      2020      1.37  
       7        22      2020      0.01  
       7        23      2020      0.00  
       7        24      2020      0.00  
       7        25      2020      0.00  
       7        26      2020      0.00  
       7        27      2020      0.66  
       7        28      2020      0.00  
       7        29      2020      0.51  
       7        30      2020      1.51  
       7        31      2020      0.24  
       8         1      2020      0.16  
       8         2      2020      0.00  
       8         3      2020      0.00  
       8         4      2020      0.00  
       8         5      2020      0.00  
       8         6      2020      0.00  
       8         7      2020      0.00  
       8         8      2020      0.08  
       8         9      2020      2.50  
       8        10      2020      1.02  
       8        11      2020      0.00  
       8        12      2020      1.81  
       8        13      2020      0.28  
       8        14      2020      0.00  
       8        15      2020      0.09  
       8        16      2020      0.00  
       8        17      2020      0.10  
       8        18      2020      0.00  
       8        19      2020      0.00  
       8        20      2020      0.00  
       8        21      2020      0.00  
       8        22      2020      0.00  
       8        23      2020      0.00  
       8        24      2020      0.00  
       8        25      2020      0.00  
       8        26      2020      0.00  
       8        27      2020      0.00  
       8        28      2020      0.00  
       8        29      2020      0.00  
       8        30      2020      0.00  
       8        31      2020      0.00  
       9         1      2020      0.66  
       9         2      2020      0.00  
       9         3      2020      0.00  
       9         4      2020      0.00  
       9         5      2020      0.00  
       9         6      2020      0.00  
       9         7      2020      0.00  
       9         8      2020      0.00  
       9         9      2020      0.00  
       9        10      2020      0.00  
       9        11      2020      0.00  
       9        12      2020      0.00  
       9        13      2020      0.00  
       9        14      2020      0.00  
       9        15      2020      0.00  
       9        16      2020      0.00  
       9        17      2020      0.00  
       9        18      2020      0.00  
       9        19      2020      0.00  
       9        20      2020      0.00  
       9        21      2020      0.00  
       9        22      2020      0.00  
       9        23      2020      0.00  
       9        24      2020      0.00  
       9        25      2020      0.00  
       9        26      2020      0.00  
       9        27      2020      0.28  
       9        28      2020      0.33  
       9        29      2020      0.00  
       9        30      2020      0.00  
      10         1      2020      0.00  
      10         2      2020      0.00  
      10         3      2020      0.00  
      10         4      2020      0.00  
      10         5      2020      0.00  
      10         6      2020      0.00  
      10         7      2020      0.00  
      10         8      2020      0.00  
      10         9      2020      0.00  
      10        10      2020      0.00  
      10        11      2020      0.00  
      10        12      2020      0.00  
      10        13      2020      0.00  
      10        14      2020      0.00  
      10        15      2020      0.00  
      10        16      2020      0.00  
      10        17      2020      0.00  
      10        18      2020      1.27  
      10        19      2020      0.32  
      10        20      2020      0.23  
      10        21      2020      0.14  
      10        22      2020      0.00  
      10        23      2020      0.00  
      10        24      2020      0.00  
      10        25      2020      0.00  
      10        26      2020      0.74  
      10        27      2020      0.11  
      10        28      2020      0.48  
      10        29      2020      0.32  
      10        30      2020      0.00  
      10        31      2020      0.00  
      11         1      2020      0.00  
      11         2      2020      0.00  
      11         3      2020      0.00  
      11         4      2020      0.00  
      11         5      2020      0.00  
      11         6      2020      0.00  
      11         7      2020      0.00  
      11         8      2020      0.00  
      11         9      2020      0.00  
      11        10      2020      0.09  
      11        11      2020      0.00  
      11        12      2020      0.00  
      11        13      2020      0.00  
      11        14      2020      1.57  
      11        15      2020      0.00  
      11        16      2020      0.00  
      11        17      2020      0.00  
      11        18      2020      0.00  
      11        19      2020      0.00  
      11        20      2020      0.00  
      11        21      2020      1.04  
      11        22      2020      0.23  
      11        23      2020      0.00  
      11        24      2020      0.49  
      11        25      2020      0.43  
      11        26      2020      0.00  
      11        27      2020      0.00  
      11        28      2020      0.00  
      11        29      2020      0.00  
      11        30      2020      0.00  
      12         1      2020      0.00  
      12         2      2020      0.00  
      12         3      2020      0.00  
      12         4      2020      0.00  
      12         5      2020      0.00  
      12         6      2020      0.00  
      12         7      2020      0.00  
      12         8      2020      0.00  
      12         9      2020      0.00  
      12        10      2020      0.00  
      12        11      2020      0.62  
      12        12      2020      0.12  
      12        13      2020      0.00  
      12        14      2020      0.00  
      12        15      2020      0.00  
      12        16      2020      0.00  
      12        17      2020      0.00  
      12        18      2020      0.00  
      12        19      2020      0.00  
      12        20      2020      0.00  
      12        21      2020      0.00  
      12        22      2020      0.00  
      12        23      2020      0.10  
      12        24      2020      0.00  
      12        25      2020      0.00  
      12        26      2020      0.00  
      12        27      2020      0.00  
      12        28      2020      0.00  
      12        29      2020      0.00  
      12        30      2020      0.29  
      12        31      2020      0.00  
       1         1      2021      0.83  
       1         2      2021      0.02  
       1         3      2021      0.00  
       1         4      2021      0.00  
       1         5      2021      0.00  
       1         6      2021      0.00  
       1         7      2021      0.00  
       1         8      2021      0.00  
       1         9      2021      0.00  
       1        10      2021      0.00  
       1        11      2021      0.00  
       1        12      2021      0.00  
       1        13      2021      0.00  
       1        14      2021      0.11  
       1        15      2021      0.09  
       1        16      2021      0.00  
       1        17      2021      0.00  
       1        18      2021      0.03  
       1        19      2021      0.00  
       1        20      2021      0.00  
       1        21      2021      0.00  
       1        22      2021      0.00  
       1        23      2021      0.00  
       1        24      2021      0.01  
       1        25      2021      1.42  
       1        26      2021      0.00  
       1        27      2021      0.00  
       1        28      2021      0.15  
       1        29      2021      0.00  
       1        30      2021      1.27  
       1        31      2021      0.02  
       2         1      2021      0.00  
       2         2      2021      0.00  
       2         3      2021      0.00  
       2         4      2021      0.29  
       2         5      2021      0.00  
       2         6      2021      0.00  
       2         7      2021      0.00  
       2         8      2021      0.00  
       2         9      2021      0.00  
       2        10      2021      0.00  
       2        11      2021      0.00  
       2        12      2021      0.00  
       2        13      2021      0.00  
       2        14      2021      0.00  
       2        15      2021      0.00  
       2        16      2021      0.01  
       2        17      2021      0.00  
       2        18      2021      0.00  
       2        19      2021      0.01  
       2        20      2021      0.00  
       2        21      2021      0.02  
       2        22      2021      0.00  
       2        23      2021      0.00  
       2        24      2021      0.00  
       2        25      2021      0.00  
       2        26      2021      0.01  
       2        27      2021      0.24  
       2        28      2021      0.44  
       3         1      2021      0.00  
       3         2      2021      0.00  
       3         3      2021      0.00  
       3         4      2021      0.00  
       3         5      2021      0.00  
       3         6      2021      0.00  
       3         7      2021      0.00  
       3         8      2021      0.00  
       3         9      2021      0.00  
       3        10      2021      0.00  
       3        11      2021      0.71  
       3        12      2021      0.11  
       3        13      2021      0.00  
       3        14      2021      0.00  
       3        15      2021      0.37  
       3        16      2021      0.00  
       3        17      2021      0.93  
       3        18      2021      1.68  
       3        19      2021      0.00  
       3        20      2021      0.00  
       3        21      2021      0.00  
       3        22      2021      0.00  
       3        23      2021      0.07  
       3        24      2021      0.00  
       3        25      2021      0.69  
       3        26      2021      0.01  
       3        27      2021      0.27  
       3        28      2021      0.00  
       3        29      2021      0.00  
       3        30      2021      0.00  
       3        31      2021      0.00  
       4         1      2021      0.00  
       4         2      2021      0.00  
       4         3      2021      0.00  
       4         4      2021      0.00  
       4         5      2021      0.00  
       4         6      2021      0.00  
       4         7      2021      0.91  
       4         8      2021      0.02  
       4         9      2021      0.00  
       4        10      2021      0.84  
       4        11      2021      0.04  
       4        12      2021      0.00  
       4        13      2021      0.00  
       4        14      2021      0.00  
       4        15      2021      0.00  
       4        16      2021      0.01  
       4        17      2021      0.10  
       4        18      2021      0.00  
       4        19      2021      0.00  
       4        20      2021      0.30  
       4        21      2021      0.00  
       4        22      2021      0.00  
       4        23      2021      0.03  
       4        24      2021      0.73  
       4        25      2021      0.00  
       4        26      2021      0.00  
       4        27      2021      0.00  
       4        28      2021      0.45  
       4        29      2021      0.23  
       4        30      2021      0.00  
       5         1      2021      0.00  
       5         2      2021      0.02  
       5         3      2021      0.04  
       5         4      2021      0.42  
       5         5      2021      0.00  
       5         6      2021      0.01  
       5         7      2021      0.00  
       5         8      2021      0.00  
       5         9      2021      0.15  
       5        10      2021      0.00  
       5        11      2021      0.00  
       5        12      2021      0.00  
       5        13      2021      0.00  
       5        14      2021      0.00  
       5        15      2021      0.00  
       5        16      2021      0.10  
       5        17      2021      0.73  
       5        18      2021      0.62  
       5        19      2021      0.00  
       5        20      2021      0.00  
       5        21      2021      0.00  
       5        22      2021      0.00  
       5        23      2021      0.00  
       5        24      2021      0.00  
       5        25      2021      0.04  
       5        26      2021      0.00  
       5        27      2021      0.66  
       5        28      2021      0.02  
       5        29      2021      0.00  
       5        30      2021      0.00  
       5        31      2021      0.00  
       6         1      2021      0.01  
       6         2      2021      0.00  
       6         3      2021      0.00  
       6         4      2021      0.00  
       6         5      2021      0.00  
       6         6      2021      0.00  
       6         7      2021      0.00  
       6         8      2021      0.17  
       6         9      2021      0.00  
       6        10      2021      0.00  
       6        11      2021      0.00  
       6        12      2021      0.00  
       6        13      2021      0.00  
       6        14      2021      0.00  
       6        15      2021      0.00  
       6        16      2021      0.00  
       6        17      2021      0.00  
       6        18      2021      0.00  
       6        19      2021      0.06  
       6        20      2021      0.00  
       6        21      2021      0.40  
       6        22      2021      0.00  
       6        23      2021      0.00  
       6        24      2021      0.00  
       6        25      2021      1.25  
       6        26      2021      0.29  
       6        27      2021      1.45  
       6        28      2021      0.12  
       6        29      2021      0.00  
       6        30      2021      0.76  
       7         1      2021      0.72  
       7         2      2021      0.00  
       7         3      2021      0.00  
       7         4      2021      0.00  
       7         5      2021      0.00  
       7         6      2021      0.00  
       7         7      2021      0.00  
       7         8      2021      0.00  
       7         9      2021      0.57  
       7        10      2021      1.15  
       7        11      2021      0.04  
       7        12      2021      0.01  
       7        13      2021      0.00  
       7        14      2021      0.00  
       7        15      2021      0.04  
       7        16      2021      0.64  
       7        17      2021      0.00  
       7        18      2021      0.00  
       7        19      2021      0.00  
       7        20      2021      0.00  
       7        21      2021      0.00  
       7        22      2021      0.00  
       7        23      2021      0.00  
       7        24      2021      0.00  
       7        25      2021      2.08  
       7        26      2021      0.00  
       7        27      2021      0.00  
       7        28      2021      0.00  
       7        29      2021      0.67  
       7        30      2021      0.01  
       7        31      2021      0.02  
       8         1      2021      0.00  
       8         2      2021      0.00  
       8         3      2021      0.00  
       8         4      2021      0.00  
       8         5      2021      0.00  
       8         6      2021      0.00  
       8         7      2021      0.00  
       8         8      2021      1.08  
       8         9      2021      0.22  
       8        10      2021      0.14  
       8        11      2021      0.00  
       8        12      2021      0.71  
       8        13      2021      0.00  
       8        14      2021      0.00  
       8        15      2021      0.00  
       8        16      2021      0.00  
       8        17      2021      0.00  
       8        18      2021      0.00  
       8        19      2021      0.00  
       8        20      2021      0.00  
       8        21      2021      0.00  
       8        22      2021      0.00  
       8        23      2021      0.55  
       8        24      2021      0.00  
       8        25      2021      0.00  
       8        26      2021      0.00  
       8        27      2021      0.00  
       8        28      2021      0.00  
       8        29      2021      0.00  
       8        30      2021      2.00  
       8        31      2021      0.62  
       9         1      2021      0.07  
       9         2      2021      0.00  
       9         3      2021      0.00  
       9         4      2021      1.36  
       9         5      2021      0.00  
       9         6      2021      0.00  
       9         7      2021      0.00  
       9         8      2021      0.00  
       9         9      2021      0.00  
       9        10      2021      0.00  
       9        11      2021      0.00  
       9        12      2021      0.00  
       9        13      2021      0.00  
       9        14      2021      0.65  
       9        15      2021      0.07  
       9        16      2021      0.00  
       9        17      2021      0.00  
       9        18      2021      0.00  
       9        19      2021      0.00  
       9        20      2021      0.00  
       9        21      2021      1.56  
       9        22      2021      0.00  
       9        23      2021      0.00  
       9        24      2021      0.00  
       9        25      2021      0.01  
       9        26      2021      0.00  
       9        27      2021      0.00  
       9        28      2021      0.00  
       9        29      2021      0.00  
       9        30      2021      0.00  
      10         1      2021      0.00  
      10         2      2021      0.16  
      10         3      2021      0.60  
      10         4      2021      0.00  
      10         5      2021      0.00  
      10         6      2021      0.01  
      10         7      2021      0.00  
      10         8      2021      0.00  
      10         9      2021      0.00  
      10        10      2021      0.00  
      10        11      2021      0.60  
      10        12      2021      0.00  
      10        13      2021      0.02  
      10        14      2021      0.78  
      10        15      2021      0.09  
      10        16      2021      0.00  
      10        17      2021      0.00  
      10        18      2021      0.00  
      10        19      2021      0.00  
      10        20      2021      0.01  
      10        21      2021      0.00  
      10        22      2021      0.00  
      10        23      2021      0.01  
      10        24      2021      0.32  
      10        25      2021      0.00  
      10        26      2021      0.00  
      10        27      2021      0.00  
      10        28      2021      0.66  
      10        29      2021      0.03  
      10        30      2021      0.00  
      10        31      2021      0.00  
      11         1      2021      0.01  
      11         2      2021      0.00  
      11         3      2021      0.00  
      11         4      2021      0.00  
      11         5      2021      0.00  
      11         6      2021      0.00  
      11         7      2021      0.00  
      11         8      2021      0.00  
      11         9      2021      0.00  
      11        10      2021      0.00  
      11        11      2021      0.11  
      11        12      2021      0.00  
      11        13      2021      0.00  
      11        14      2021      0.10  
      11        15      2021      0.00  
      11        16      2021      0.00  
      11        17      2021      0.01  
      11        18      2021      0.00  
      11        19      2021      0.00  
      11        20      2021      0.00  
      11        21      2021      0.00  
      11        22      2021      0.00  
      11        23      2021      0.00  
      11        24      2021      0.00  
      11        25      2021      0.22  
      11        26      2021      0.00  
      11        27      2021      0.00  
      11        28      2021      0.00  
      11        29      2021      0.00  
      11        30      2021      0.00  
      12         1      2021      0.00  
      12         2      2021      0.00  
      12         3      2021      0.00  
      12         4      2021      0.00  
      12         5      2021      0.01  
      12         6      2021      0.00  
      12         7      2021      0.00  
      12         8      2021      0.00  
      12         9      2021      0.00  
      12        10      2021      0.27  
      12        11      2021      0.01  
      12        12      2021      0.00  
      12        13      2021      0.00  
      12        14      2021      0.02  
      12        15      2021      0.00  
      12        16      2021      0.37  
      12        17      2021      0.35  
      12        18      2021      0.18  
      12        19      2021      0.00  
      12        20      2021      0.00  
      12        21      2021      0.00  
      12        22      2021      0.00  
      12        23      2021      0.00  
      12        24      2021      0.00  
      12        25      2021      0.00  
      12        26      2021      0.00  
      12        27      2021      0.00  
      12        28      2021      0.48  
      12        29      2021      0.03  
      12        30      2021      0.00  
      12        31      2021      0.02  
       1         1      2022      0.62  
       1         2      2022      0.00  
       1         3      2022      0.00  
       1         4      2022      0.00  
       1         5      2022      0.00  
       1         6      2022      0.00  
       1         7      2022      0.00  
       1         8      2022      0.17  
       1         9      2022      0.03  
       1        10      2022      0.00  
       1        11      2022      0.00  
       1        12      2022      0.00  
       1        13      2022      0.01  
       1        14      2022      0.32  
       1        15      2022      0.19  
       1        16      2022      0.04  
       1        17      2022      0.06  
       1        18      2022      0.00  
       1        19      2022      0.00  
       1        20      2022      0.00  
       1        21      2022      0.00  
       1        22      2022      0.00  
       1        23      2022      0.00  
       1        24      2022      0.00  
       1        25      2022      0.00  
       1        26      2022      0.00  
       1        27      2022      0.00  
       1        28      2022      0.00  
       1        29      2022      0.00  
       1        30      2022      0.00  
       1        31      2022      0.00  
       2         1      2022      0.60  
       2         2      2022      0.09  
       2         3      2022      0.00  
       2         4      2022      0.25  
       2         5      2022      0.00  
       2         6      2022      0.03  
       2         7      2022      0.00  
       2         8      2022      0.00  
       2         9      2022      0.00  
       2        10      2022      0.00  
       2        11      2022      0.04  
       2        12      2022      0.00  
       2        13      2022      0.00  
       2        14      2022      0.00  
       2        15      2022      0.00  
       2        16      2022      0.43  
       2        17      2022      1.67  
       2        18      2022      0.15  
       2        19      2022      0.00  
       2        20      2022      0.00  
       2        21      2022      0.00  
       2        22      2022      0.20  
       2        23      2022      0.00  
       2        24      2022      0.00  
       2        25      2022      0.00  
       2        26      2022      0.21  
       2        27      2022      0.00  
       2        28      2022      0.00  
       3         1      2022      0.00  
       3         2      2022      0.00  
       3         3      2022      0.00  
       3         4      2022      0.00  
       3         5      2022      0.00  
       3         6      2022      1.96  
       3         7      2022      0.01  
       3         8      2022      0.00  
       3         9      2022      0.00  
       3        10      2022      0.00  
       3        11      2022      0.02  
       3        12      2022      0.00  
       3        13      2022      0.00  
       3        14      2022      0.00  
       3        15      2022      0.00  
       3        16      2022      0.00  
       3        17      2022      0.00  
       3        18      2022      0.20  
       3        19      2022      0.06  
       3        20      2022      0.00  
       3        21      2022      0.38  
       3        22      2022      0.37  
       3        23      2022      0.21  
       3        24      2022      0.24  
       3        25      2022      0.00  
       3        26      2022      0.00  
       3        27      2022      0.00  
       3        28      2022      0.00  
       3        29      2022      0.00  
       3        30      2022      2.25  
       3        31      2022      0.03  
       4         1      2022      0.00  
       4         2      2022      0.00  
       4         3      2022      0.00  
       4         4      2022      0.00  
       4         5      2022      0.20  
       4         6      2022      0.28  
       4         7      2022      0.02  
       4         8      2022      0.06  
       4         9      2022      0.00  
       4        10      2022      0.00  
       4        11      2022      0.28  
       4        12      2022      0.03  
       4        13      2022      1.07  
       4        14      2022      0.00  
       4        15      2022      0.00  
       4        16      2022      0.00  
       4        17      2022      0.11  
       4        18      2022      0.00  
       4        19      2022      0.00  
       4        20      2022      0.20  
       4        21      2022      0.02  
       4        22      2022      0.03  
       4        23      2022      0.00  
       4        24      2022      0.33  
       4        25      2022      0.04  
       4        26      2022      0.00  
       4        27      2022      0.00  
       4        28      2022      0.02  
       4        29      2022      0.01  
       4        30      2022      0.05  
       5         1      2022      0.00  
       5         2      2022      0.24  
       5         3      2022      0.28  
       5         4      2022      0.46  
       5         5      2022      1.07  
       5         6      2022      0.40  
       5         7      2022      0.00  
       5         8      2022      0.00  
       5         9      2022      0.00  
       5        10      2022      0.00  
       5        11      2022      0.00  
       5        12      2022      0.00  
       5        13      2022      0.00  
       5        14      2022      0.00  
       5        15      2022      0.00  
       5        16      2022      0.00  
       5        17      2022      0.14  
       5        18      2022      0.27  
       5        19      2022      1.36  
       5        20      2022      0.00  
       5        21      2022      1.13  
       5        22      2022      0.00  
       5        23      2022      0.00  
       5        24      2022      0.00  
       5        25      2022      0.49  
       5        26      2022      0.00  
       5        27      2022      0.00  
       5        28      2022      0.00  
       5        29      2022      0.00  
       5        30      2022      0.00  
       5        31      2022      0.00  
       6         1      2022      0.13  
       6         2      2022      0.00  
       6         3      2022      0.00  
       6         4      2022      0.00  
       6         5      2022      0.00  
       6         6      2022      0.02  
       6         7      2022      0.00  
       6         8      2022      0.59  
       6         9      2022      0.00  
       6        10      2022      0.11  
       6        11      2022      0.00  
       6        12      2022      0.01  
       6        13      2022      0.00  
       6        14      2022      0.00  
       6        15      2022      0.00  
       6        16      2022      0.00  
       6        17      2022      0.28  
       6        18      2022      0.00  
       6        19      2022      0.00  
       6        20      2022      0.00  
       6        21      2022      0.00  
       6        22      2022      0.00  
       6        23      2022      0.00  
       6        24      2022      0.00  
       6        25      2022      0.00  
       6        26      2022      0.27  
       6        27      2022      0.00  
       6        28      2022      0.00  
       6        29      2022      0.00  
       6        30      2022      0.00  
       7         1      2022      0.00  
       7         2      2022      0.47  
       7         3      2022      0.01  
       7         4      2022      0.00  
       7         5      2022      0.00  
       7         6      2022      0.00  
       7         7      2022      0.00  
       7         8      2022      0.43  
       7         9      2022      0.58  
       7        10      2022      0.00  
       7        11      2022      0.00  
       7        12      2022      0.01  
       7        13      2022      0.00  
       7        14      2022      0.00  
       7        15      2022      0.00  
       7        16      2022      0.00  
       7        17      2022      0.55  
       7        18      2022      0.00  
       7        19      2022      0.00  
       7        20      2022      0.00  
       7        21      2022      0.00  
       7        22      2022      0.00  
       7        23      2022      0.00  
       7        24      2022      0.00  
       7        25      2022      0.06  
       7        26      2022      7.81  
       7        27      2022      0.49  
       7        28      2022      2.94  
       7        29      2022      0.00  
       7        30      2022      0.00  
       7        31      2022      0.00  
       8         1      2022      0.00  
       8         2      2022      0.00  
       8         3      2022      1.47  
       8         4      2022      0.33  
       8         5      2022      0.00  
       8         6      2022      0.00  
       8         7      2022      0.00  
       8         8      2022      0.00  
       8         9      2022      0.00  
       8        10      2022      0.00  
       8        11      2022      0.00  
       8        12      2022      0.00  
       8        13      2022      0.00  
       8        14      2022      0.00  
       8        15      2022      0.00  
       8        16      2022      0.42  
       8        17      2022      0.00  
       8        18      2022      0.00  
       8        19      2022      0.00  
       8        20      2022      0.01  
       8        21      2022      0.00  
       8        22      2022      0.00  
       8        23      2022      0.00  
       8        24      2022      0.00  
       8        25      2022      0.04  
       8        26      2022      0.00  
       8        27      2022      0.00  
       8        28      2022      0.23  
       8        29      2022      0.00  
       8        30      2022      0.00  
       8        31      2022      0.00  
       9         1      2022      0.00  
       9         2      2022      0.05  
       9         3      2022      0.37  
       9         4      2022      1.02  
       9         5      2022      0.47  
       9         6      2022      0.00  
       9         7      2022      0.00  
       9         8      2022      0.00  
       9         9      2022      0.00  
       9        10      2022      0.00  
       9        11      2022      0.02  
       9        12      2022      0.00  
       9        13      2022      0.01  
       9        14      2022      0.00  
       9        15      2022      0.00  
       9        16      2022      0.00  
       9        17      2022      0.00  
       9        18      2022      0.02  
       9        19      2022      0.00  
       9        20      2022      0.00  
       9        21      2022      0.48  
       9        22      2022      0.00  
       9        23      2022      0.05  
       9        24      2022      0.00  
       9        25      2022      0.00  
       9        26      2022      0.00  
       9        27      2022      0.00  
       9        28      2022      0.00  
       9        29      2022      0.00  
       9        30      2022      0.00  
      10         1      2022      0.00  
      10         2      2022      0.00  
      10         3      2022      0.00  
      10         4      2022      0.00  
      10         5      2022      0.03  
      10         6      2022      0.00  
      10         7      2022      0.00  
      10         8      2022      0.00  
      10         9      2022      0.00  
      10        10      2022      0.00  
      10        11      2022      0.06  
      10        12      2022      0.05  
      10        13      2022      0.00  
      10        14      2022      0.00  
      10        15      2022      0.00  
      10        16      2022      0.00  
      10        17      2022      0.00  
      10        18      2022      0.00  
      10        19      2022      0.00  
      10        20      2022      0.00  
      10        21      2022      0.00  
      10        22      2022      0.00  
      10        23      2022      0.00  
      10        24      2022      0.17  
      10        25      2022      1.83  
      10        26      2022      0.00  
      10        27      2022      0.00  
      10        28      2022      0.00  
      10        29      2022      0.05  
      10        30      2022      0.79  
      10        31      2022      0.01  
      11         1      2022      0.00  
      11         2      2022      0.00  
      11         3      2022      0.00  
      11         4      2022      0.66  
      11         5      2022      0.89  
      11         6      2022      0.00  
      11         7      2022      0.00  
      11         8      2022      0.00  
      11         9      2022      0.00  
      11        10      2022      0.00  
      11        11      2022      0.00  
      11        12      2022      0.00  
      11        13      2022      0.00  
      11        14      2022      0.04  
      11        15      2022      0.19  
      11        16      2022      0.00  
      11        17      2022      0.00  
      11        18      2022      0.00  
      11        19      2022      0.00  
      11        20      2022      0.00  
      11        21      2022      0.00  
      11        22      2022      0.00  
      11        23      2022      0.00  
      11        24      2022      0.31  
      11        25      2022      0.01  
      11        26      2022      0.43  
      11        27      2022      0.20  
      11        28      2022      0.00  
      11        29      2022      0.00  
      11        30      2022      0.00  
      12         1      2022      0.00  
      12         2      2022      0.00  
      12         3      2022      0.00  
      12         4      2022      0.00  
      12         5      2022      0.00  
      12         6      2022      0.01  
      12         7      2022      0.00  
      12         8      2022      0.24  
      12         9      2022      0.12  
      12        10      2022      0.00  
      12        11      2022      0.00  
      12        12      2022      0.00  
      12        13      2022      0.52  
      12        14      2022      0.84  
      12        15      2022      0.00  
      12        16      2022      0.00  
      12        17      2022      0.00  
      12        18      2022      0.00  
      12        19      2022      0.00  
      12        20      2022      0.00  
      12        21      2022      0.00  
      12        22      2022      0.00  
      12        23      2022      0.00  
      12        24      2022      0.02  
      12        25      2022      0.01  
      12        26      2022      0.00  
      12        27      2022      0.00  
      12        28      2022      0.02  
      12        29      2022      0.00  
      12        30      2022      0.19  
      12        31      2022      0.00  
       1         1      2023      0.00  
       1         2      2023      0.48  
       1         3      2023      0.48  
       1         4      2023      0.00  
       1         5      2023      0.00  
       1         6      2023      0.00  
       1         7      2023      0.00  
       1         8      2023      0.00  
       1         9      2023      0.00  
       1        10      2023      0.00  
       1        11      2023      0.00  
       1        12      2023      0.26  
       1        13      2023      0.00  
       1        14      2023      0.00  
       1        15      2023      0.00  
       1        16      2023      0.13  
       1        17      2023      0.00  
       1        18      2023      0.84  
       1        19      2023      0.00  
       1        20      2023      0.00  
       1        21      2023      0.00  
       1        22      2023      0.00  
       1        23      2023      0.00  
       1        24      2023      0.04  
       1        25      2023      0.52  
       1        26      2023      0.00  
       1        27      2023      0.00  
       1        28      2023      0.00  
       1        29      2023      0.00  
       1        30      2023      0.01  
       1        31      2023      0.00  
       2         1      2023      0.01  
       2         2      2023      0.00  
       2         3      2023      0.00  
       2         4      2023      0.00  
       2         5      2023      0.00  
       2         6      2023      0.00  
       2         7      2023      0.00  
       2         8      2023      0.43  
       2         9      2023      0.42  
       2        10      2023      0.00  
       2        11      2023      0.00  
       2        12      2023      0.00  
       2        13      2023      0.00  
       2        14      2023      0.20  
       2        15      2023      0.00  
       2        16      2023      0.39  
       2        17      2023      0.00  
       2        18      2023      0.00  
       2        19      2023      0.00  
       2        20      2023      0.00  
       2        21      2023      0.00  
       2        22      2023      0.23  
       2        23      2023      0.00  
       2        24      2023      0.01  
       2        25      2023      0.01  
       2        26      2023      0.00  
       2        27      2023      0.07  
       2        28      2023      0.00  
       3         1      2023      0.00  
       3         2      2023      0.02  
       3         3      2023      2.19  
       3         4      2023      0.00  
       3         5      2023      0.00  
       3         6      2023      0.00  
       3         7      2023      0.00  
       3         8      2023      0.17  
       3         9      2023      0.04  
       3        10      2023      0.00  
       3        11      2023      0.15  
       3        12      2023      0.04  
       3        13      2023      0.00  
       3        14      2023      0.00  
       3        15      2023      0.00  
       3        16      2023      0.26  
       3        17      2023      0.00  
       3        18      2023      0.00  
       3        19      2023      0.00  
       3        20      2023      0.00  
       3        21      2023      0.04  
       3        22      2023      0.00  
       3        23      2023      1.43  
       3        24      2023      0.80  
       3        25      2023      0.01  
       3        26      2023      0.16  
       3        27      2023      0.03  
       3        28      2023      0.05  
       3        29      2023      0.00  
       3        30      2023      0.08  
       3        31      2023      0.38  
       4         1      2023      0.00  
       4         2      2023      0.00  
       4         3      2023      0.00  
       4         4      2023      0.02  
       4         5      2023      0.32  
       4         6      2023      0.00  
       4         7      2023      0.00  
       4         8      2023      0.00  
       4         9      2023      0.00  
       4        10      2023      0.00  
       4        11      2023      0.00  
       4        12      2023      0.00  
       4        13      2023      0.00  
       4        14      2023      0.00  
       4        15      2023      1.25  
       4        16      2023      0.15  
       4        17      2023      0.00  
       4        18      2023      0.00  
       4        19      2023      0.00  
       4        20      2023      0.00  
       4        21      2023      0.00  
       4        22      2023      0.00  
       4        23      2023      0.00  
       4        24      2023      0.00  
       4        25      2023      0.00  
       4        26      2023      0.00  
       4        27      2023      0.00  
       4        28      2023      0.00  
       4        29      2023      0.00  
       4        30      2023      0.00  
       5         1      2023      0.00  
       5         2      2023      0.00  
       5         3      2023      0.00  
       5         4      2023      0.00  
       5         5      2023      0.00  
       5         6      2023      0.00  
       5         7      2023      0.00  
       5         8      2023      0.17  
       5         9      2023      0.00  
       5        10      2023      0.00  
       5        11      2023      0.08  
       5        12      2023      0.00  
       5        13      2023      0.52  
       5        14      2023      1.92  
       5        15      2023      0.01  
       5        16      2023      0.43  
       5        17      2023      0.00  
       5        18      2023      0.00  
       5        19      2023      0.04  
       5        20      2023      0.00  
       5        21      2023      0.00  
       5        22      2023      0.00  
       5        23      2023      0.00  
       5        24      2023      0.00  
       5        25      2023      0.00  
       5        26      2023      0.00  
       5        27      2023      0.00  
       5        28      2023      0.00  
       5        29      2023      0.00  
       5        30      2023      0.00  
       5        31      2023      0.00  
       6         1      2023      0.00  
       6         2      2023      0.00  
       6         3      2023      0.00  
       6         4      2023      0.02  
       6         5      2023      0.00  
       6         6      2023      0.00  
       6         7      2023      0.18  
       6         8      2023      0.00  
       6         9      2023      0.00  
       6        10      2023      0.21  
       6        11      2023      1.71  
       6        12      2023      0.00  
       6        13      2023      0.00  
       6        14      2023      0.00  
       6        15      2023      0.00  
       6        16      2023      0.00  
       6        17      2023      0.00  
       6        18      2023      2.42  
       6        19      2023      0.00  
       6        20      2023      0.00  
       6        21      2023      0.00  
       6        22      2023      0.00  
       6        23      2023      0.00  
       6        24      2023      0.00  
       6        25      2023      0.00  
       6        26      2023      0.00  
       6        27      2023      0.00  
       6        28      2023      0.00  
       6        29      2023      0.00  
       6        30      2023      1.08  
       7         1      2023      1.66  
       7         2      2023      0.09  
       7         3      2023      0.00  
       7         4      2023      0.21  
       7         5      2023      0.03  
       7         6      2023      0.00  
       7         7      2023      0.00  
       7         8      2023      0.02  
       7         9      2023      0.00  
       7        10      2023      0.00  
       7        11      2023      0.00  
       7        12      2023      0.55  
       7        13      2023      0.71  
       7        14      2023      0.24  
       7        15      2023      0.03  
       7        16      2023      0.01  
       7        17      2023      0.68  
       7        18      2023      0.00  
       7        19      2023      0.00  
       7        20      2023      0.02  
       7        21      2023      0.00  
       7        22      2023      0.00  
       7        23      2023      0.06  
       7        24      2023      0.00  
       7        25      2023      0.00  
       7        26      2023      0.26  
       7        27      2023      0.00  
       7        28      2023      0.00  
       7        29      2023      0.52  
       7        30      2023      0.00  
       7        31      2023      0.00  
       8         1      2023      0.22  
       8         2      2023      0.58  
       8         3      2023      0.07  
       8         4      2023      0.13  
       8         5      2023      1.20  
       8         6      2023      0.00  
       8         7      2023      0.01  
       8         8      2023      0.00  
       8         9      2023      0.03  
       8        10      2023      0.00  
       8        11      2023      0.00  
       8        12      2023      0.17  
       8        13      2023      0.47  
       8        14      2023      0.18  
       8        15      2023      0.00  
       8        16      2023      0.00  
       8        17      2023      0.00  
       8        18      2023      0.00  
       8        19      2023      0.00  
       8        20      2023      0.00  
       8        21      2023      0.00  
       8        22      2023      0.00  
       8        23      2023      0.00  
       8        24      2023      0.00  
       8        25      2023      0.00  
       8        26      2023      0.45  
       8        27      2023      0.03  
       8        28      2023      0.00  
       8        29      2023      0.00  
       8        30      2023      0.00  
       8        31      2023      0.00  
       9         1      2023      0.00  
       9         2      2023      0.00  
       9         3      2023      0.00  
       9         4      2023      0.02  
       9         5      2023      0.00  
       9         6      2023      0.12  
       9         7      2023      0.00  
       9         8      2023      0.00  
       9         9      2023      0.00  
       9        10      2023      0.00  
       9        11      2023      0.02  
       9        12      2023      0.09  
       9        13      2023      0.00  
       9        14      2023      0.00  
       9        15      2023      0.00  
       9        16      2023      0.00  
       9        17      2023      0.00  
       9        18      2023      0.00  
       9        19      2023      0.00  
       9        20      2023      0.02  
       9        21      2023      0.13  
       9        22      2023      0.02  
       9        23      2023      0.00  
       9        24      2023      0.00  
       9        25      2023      0.00  
       9        26      2023      0.28  
       9        27      2023      0.77  
       9        28      2023      0.00  
       9        29      2023      0.00  
       9        30      2023      0.00  
      10         1      2023      0.00  
      10         2      2023      0.00  
      10         3      2023      0.00  
      10         4      2023      0.12  
      10         5      2023      0.26  
      10         6      2023      0.00  
      10         7      2023      0.00  
      10         8      2023      0.00  
      10         9      2023      0.00  
      10        10      2023      0.00  
      10        11      2023      0.10  
      10        12      2023      0.00  
      10        13      2023      0.04  
      10        14      2023      0.00  
      10        15      2023      0.00  
      10        16      2023      0.00  
      10        17      2023      0.00  
      10        18      2023      0.00  
      10        19      2023      0.00  
      10        20      2023      0.00  
      10        21      2023      0.00  
      10        22      2023      0.00  
      10        23      2023      0.00  
      10        24      2023      0.00  
      10        25      2023      0.00  
      10        26      2023      0.00  
      10        27      2023      0.27  
      10        28      2023      0.49  
      10        29      2023      0.49  
      10        30      2023      0.00  
      10        31      2023      0.00  
      11         1      2023      0.00  
      11         2      2023      0.00  
      11         3      2023      0.00  
      11         4      2023      0.00  
      11         5      2023      0.00  
      11         6      2023      0.00  
      11         7      2023      0.00  
      11         8      2023      0.00  
      11         9      2023      0.00  
      11        10      2023      0.00  
      11        11      2023      0.00  
      11        12      2023      0.00  
      11        13      2023      0.00  
      11        14      2023      0.00  
      11        15      2023      0.00  
      11        16      2023      0.00  
      11        17      2023      0.00  
      11        18      2023      0.00  
      11        19      2023      0.00  
      11        20      2023      0.39  
      11        21      2023      0.00  
      11        22      2023      0.00  
      11        23      2023      0.00  
      11        24      2023      0.00  
      11        25      2023      0.00  
      11        26      2023      0.10  
      11        27      2023      0.00  