Year      Month     Average
2000      1         1.9200
2000      2         3.1600
2000      3         4.2800
2000      4         3.0800
2000      5         5.7900
2000      6         2.8300
2000      7         1.8400
2000      8         0.9000
2000      9         1.9200
2000      10        1.1900
2000      11        4.7900
2000      12        3.1100
2001      1         2.1100
2001      2         7.5700
2001      3         4.0700
2001      4         2.6300
2001      5         3.9200
2001      6         1.4200
2001      7         3.0000
2001      8         1.7300
2001      9         3.2300
2001      10        7.1600
2001      11        5.2900
2001      12        8.1300
2002      1         5.5900
2002      2         1.8900
2002      3         7.5100
2002      4         1.4800
2002      5         5.0400
2002      6         5.3300
2002      7         1.1600
2002      8         4.4700
2002      9         5.7600
2002      10        3.6500
2002      11        1.7900
2002      12        7.4800
2003      1         1.0200
2003      2         6.3400
2003      3         1.5300
2003      4         2.8800
2003      5         14.2500
2003      6         2.6300
2003      7         4.8400
2003      8         2.4300
2003      9         5.2700
2003      10        2.7800
2003      11        5.6600
2003      12        2.8500
2004      1         3.1800
2004      2         2.5200
2004      3         3.6600
2004      4         6.8100
2004      5         6.6200
2004      6         2.0800
2004      7         3.7600
2004      8         3.1800
2004      9         0.0000
2004      10        3.9000
2004      11        7.7100
2004      12        3.1400
2005      1         4.5500
2005      2         2.6200
2005      3         3.7900
2005      4         4.7200
2005      5         0.8400
2005      6         2.4100
2005      7         5.4300
2005      8         5.0000
2005      9         5.0500
2005      10        0.0000
2005      11        3.1700
2005      12        0.4800
2006      1         4.9500
2006      2         2.1300
2006      3         4.0300
2006      4         1.4300
2006      5         5.0000
2006      6         2.1400
2006      7         4.7400
2006      8         5.2700
2006      9         6.2000
2006      10        3.9200
2006      11        5.6300
2006      12        4.6100
2007      1         5.5900
2007      2         1.7300
2007      3         1.1400
2007      4         3.4200
2007      5         0.7100
2007      6         1.6400
2007      7         3.4900
2007      8         0.1700
2007      9         2.6500
2007      10        6.4800
2007      11        2.9500
2007      12        6.6100
2008      1         1.9700
2008      2         3.4100
2008      3         8.8600
2008      4         6.1900
2008      5         2.3800
2008      6         1.2600
2008      7         3.0600
2008      8         4.0800
2008      9         2.2200
2008      10        2.5200
2008      11        1.8400
2008      12        5.9200
2009      1         2.3400
2009      2         3.5200
2009      3         3.4100
2009      4         5.1300
2009      5         10.4900
2009      6         5.4900
2009      7         6.5900
2009      8         2.4200
2009      9         4.4200
2009      10        9.7700
2009      11        1.0300
2009      12        5.5200
2010      1         3.2700
2010      2         1.3900
2010      3         4.4800
2010      4         3.0100
2010      5         7.8300
2010      6         3.5500
2010      7         3.5600
2010      8         0.1300
2010      9         1.0100
2010      10        0.5900
2010      11        4.9800
2010      12        2.4900
2011      1         0.3800
2011      2         6.1600
2011      3         5.5200
2011      4         7.0200
2011      5         8.6400
2011      6         3.9700
2011      7         3.5100
2011      8         1.9500
2011      9         3.2100
2011      10        3.7200
2011      11        9.2300
2011      12        8.4600
2012      1         3.9000
2012      2         2.0600
2012      3         4.5200
2012      4         0.8400
2012      5         2.4900
2012      6         3.3900
2012      7         3.1600
2012      8         1.0600
2012      9         2.6800
2012      10        3.2100
2012      11        2.3200
2012      12        3.4000
2013      1         6.2500
2013      2         4.2100
2013      3         1.9100
2013      4         5.9900
2013      5         7.9900
2013      6         4.7700
2013      7         3.2300
2013      8         4.4500
2013      9         1.4600
2013      10        2.8700
2013      11        2.3400
2013      12        7.9700
2014      1         1.7200
2014      2         2.3900
2014      3         3.2600
2014      4         6.3800
2014      5         4.2400
2014      6         9.1100
2014      7         3.4700
2014      8         2.4000
2014      9         4.7700
2014      10        4.1300
2014      11        2.2600
2014      12        2.7300
2015      1         1.4500
2015      2         3.3500
2015      3         5.7700
2015      4         5.5800
2015      5         6.3700
2015      6         2.5400
2015      7         3.0700
2015      8         2.7300
2015      9         0.3700
2015      10        3.1500
2015      11        12.9400
2015      12        6.6000
2016      1         2.3200
2016      2         2.3100
2016      3         9.2000
2016      4         3.7400
2016      5         4.0300
2016      6         2.5100
2016      7         4.5000
2016      8         2.5800
2016      9         1.4300
2016      10        0.9900
2016      11        2.8900
2016      12        4.7500
2017      1         2.8700
2017      2         1.1200
2017      3         6.5400
2017      4         8.2600
2017      5         4.8100
2017      6         4.4000
2017      7         2.8500
2017      8         6.1300
2017      9         0.7900
2017      10        1.5500
2017      11        2.8200
2017      12        3.4600
2018      1         2.9500
2018      2         12.5400
2018      3         2.9400
2018      4         4.6500
2018      5         4.5400
2018      6         4.0900
2018      7         0.8200
2018      8         7.6800
2018      9         5.5200
2018      10        4.7400
2018      11        5.8300
2018      12        4.5600
2019      1         4.4200
2019      2         13.3500
2019      3         4.7700
2019      4         7.3900
2019      5         6.4200
2019      6         2.0600
2019      7         4.1500
2019      8         4.8300
2019      9         2.7100
2019      10        9.6800
2019      11        5.6400
2019      12        2.3700
2020      1         5.9700
2020      2         4.4700
2020      3         6.3000
2020      4         4.1600
2020      5         3.5500
2020      6         4.7200
2020      7         0.5700
2020      8         2.1400
2020      9         4.5400
2020      10        6.4400
2020      11        2.2700
2020      12        3.2100
2021      1         4.6000
2021      2         3.6300
2021      3         5.6400
2021      4         2.8100
2021      5         2.9000
2021      6         3.5700
2021      7         5.0800
2021      8         2.8600
2021      9         2.4900
2021      10        2.5000
2021      11        2.3000
2021      12        2.2600
2022      1         6.6700
2022      2         4.7100
2022      3         4.4500
2022      4         4.5500
2022      5         5.1100
2022      6         1.9500
2022      7         2.5400
2022      8         3.2500
2022      9         0.8500
2022      10        1.7200
2022      11        2.2100
2022      12        7.1200
2023      1         5.3500
2023      2         3.1000
2023      3         8.5900
2023      4         2.3500
2023      5         3.7200
2023      6         1.6400
2023      7         4.9400
2023      8         5.1100
2023      9         2.1500
2023      10        5.9100
2023      11        1.3800
