
University of Missouri Commercial Agriculture Extension Program	
Missouri Historical Agricultural
Weather Database
University of Missouri Extension
Weather Station:	Cameron, DeKalb County, MO
Weather Description:	Grindstone Reservoir ( 4 miles northwest of Cameron )
Starting Period:	January 1, 2000
Ending Period:	May 31, 2024
DeKalb County
   MONTH       DAY      YEAR     TOTAL  
                                PRECIP  
                                INCHES  
       1         1      2000      0.00  
       1         2      2000      0.00  
       1         3      2000      0.13  
       1         4      2000      0.00  
       1         5      2000      0.00  
       1         6      2000      0.00  
       1         7      2000      0.00  
       1         8      2000      0.00  
       1         9      2000      0.02  
       1        10      2000      0.01  
       1        11      2000      0.00  
       1        12      2000      0.00  
       1        13      2000      0.00  
       1        14      2000      0.00  
       1        15      2000      0.00  
       1        16      2000      0.00  
       1        17      2000      0.00  
       1        18      2000      0.00  
       1        19      2000      0.00  
       1        20      2000      0.00  
       1        21      2000      0.00  
       1        22      2000      0.00  
       1        23      2000      0.00  
       1        24      2000      0.00  
       1        25      2000      0.00  
       1        26      2000      0.00  
       1        27      2000      0.00  
       1        28      2000      0.00  
       1        29      2000      0.00  
       1        30      2000      0.01  
       1        31      2000      0.00  
       2         1      2000      0.06  
       2         2      2000      0.01  
       2         3      2000      0.00  
       2         4      2000      0.00  
       2         5      2000      0.00  
       2         6      2000      0.00  
       2         7      2000      0.00  
       2         8      2000      0.00  
       2         9      2000      0.00  
       2        10      2000      0.00  
       2        11      2000      0.00  
       2        12      2000      0.00  
       2        13      2000      0.05  
       2        14      2000      0.00  
       2        15      2000      0.00  
       2        16      2000      0.00  
       2        17      2000      0.53  
       2        18      2000      0.30  
       2        19      2000      0.16  
       2        20      2000      0.01  
       2        21      2000      0.00  
       2        22      2000      0.00  
       2        23      2000      0.16  
       2        24      2000      0.00  
       2        25      2000      0.31  
       2        26      2000      0.00  
       2        27      2000      0.00  
       2        28      2000      0.00  
       2        29      2000      0.72  
       3         1      2000      0.00  
       3         2      2000      0.00  
       3         3      2000      0.35  
       3         4      2000      0.00  
       3         5      2000      0.00  
       3         6      2000      0.00  
       3         7      2000      0.00  
       3         8      2000      0.00  
       3         9      2000      0.00  
       3        10      2000      0.00  
       3        11      2000      0.00  
       3        12      2000      0.00  
       3        13      2000      0.00  
       3        14      2000      0.17  
       3        15      2000      0.31  
       3        16      2000      0.00  
       3        17      2000      0.00  
       3        18      2000      0.08  
       3        19      2000      0.40  
       3        20      2000      0.01  
       3        21      2000      0.00  
       3        22      2000      0.00  
       3        23      2000      0.19  
       3        24      2000      0.00  
       3        25      2000      0.00  
       3        26      2000      0.08  
       3        27      2000      0.00  
       3        28      2000      0.00  
       3        29      2000      0.00  
       3        30      2000      0.00  
       3        31      2000      0.03  
       4         1      2000      0.01  
       4         2      2000      0.01  
       4         3      2000      0.00  
       4         4      2000      0.00  
       4         5      2000      0.00  
       4         6      2000      0.00  
       4         7      2000      0.01  
       4         8      2000      0.00  
       4         9      2000      0.00  
       4        10      2000      0.01  
       4        11      2000      0.01  
       4        12      2000      0.00  
       4        13      2000      0.00  
       4        14      2000      0.00  
       4        15      2000      0.00  
       4        16      2000      0.01  
       4        17      2000      0.00  
       4        18      2000      0.00  
       4        19      2000      1.57  
       4        20      2000      0.32  
       4        21      2000      0.00  
       4        22      2000      0.00  
       4        23      2000      0.09  
       4        24      2000      0.00  
       4        25      2000      0.06  
       4        26      2000      0.21  
       4        27      2000      0.14  
       4        28      2000      0.00  
       4        29      2000      0.00  
       4        30      2000      0.09  
       5         1      2000      0.03  
       5         2      2000      0.00  
       5         3      2000      0.00  
       5         4      2000      0.00  
       5         5      2000      0.00  
       5         6      2000      0.00  
       5         7      2000      0.00  
       5         8      2000      0.00  
       5         9      2000      0.47  
       5        10      2000      0.00  
       5        11      2000      0.01  
       5        12      2000      0.02  
       5        13      2000      0.00  
       5        14      2000      0.00  
       5        15      2000      0.00  
       5        16      2000      0.00  
       5        17      2000      0.00  
       5        18      2000      0.00  
       5        19      2000      0.00  
       5        20      2000      0.00  
       5        21      2000      0.11  
       5        22      2000      0.00  
       5        23      2000      0.00  
       5        24      2000      0.00  
       5        25      2000      0.00  
       5        26      2000      2.03  
       5        27      2000      0.01  
       5        28      2000      0.00  
       5        29      2000      0.00  
       5        30      2000      0.00  
       5        31      2000      0.00  
       6         1      2000      0.61  
       6         2      2000      0.01  
       6         3      2000      0.00  
       6         4      2000      0.00  
       6         5      2000      0.00  
       6         6      2000      0.00  
       6         7      2000      0.00  
       6         8      2000      0.00  
       6         9      2000      0.00  
       6        10      2000      0.69  
       6        11      2000      0.04  
       6        12      2000      0.04  
       6        13      2000      0.81  
       6        14      2000      0.43  
       6        15      2000      0.00  
       6        16      2000      0.23  
       6        17      2000      0.00  
       6        18      2000      0.00  
       6        19      2000      0.04  
       6        20      2000      0.60  
       6        21      2000      0.00  
       6        22      2000      0.00  
       6        23      2000      0.00  
       6        24      2000      2.66  
       6        25      2000      1.08  
       6        26      2000      0.00  
       6        27      2000      0.00  
       6        28      2000      0.00  
       6        29      2000      0.00  
       6        30      2000      0.03  
       7         1      2000      0.00  
       7         2      2000      0.72  
       7         3      2000      0.02  
       7         4      2000      0.33  
       7         5      2000      0.01  
       7         6      2000      0.00  
       7         7      2000      0.00  
       7         8      2000      0.00  
       7         9      2000      0.00  
       7        10      2000      0.00  
       7        11      2000      0.04  
       7        12      2000      0.13  
       7        13      2000      0.00  
       7        14      2000      0.00  
       7        15      2000      0.25  
       7        16      2000      0.19  
       7        17      2000      0.77  
       7        18      2000      0.24  
       7        19      2000      0.00  
       7        20      2000      0.05  
       7        21      2000      0.00  
       7        22      2000      0.00  
       7        23      2000      0.00  
       7        24      2000      0.00  
       7        25      2000      0.18  
       7        26      2000      0.45  
       7        27      2000      0.00  
       7        28      2000      0.20  
       7        29      2000      0.00  
       7        30      2000      0.06  
       7        31      2000      0.00  
       8         1      2000      0.00  
       8         2      2000      0.00  
       8         3      2000      0.00  
       8         4      2000      0.00  
       8         5      2000      0.03  
       8         6      2000      0.14  
       8         7      2000      0.00  
       8         8      2000      0.00  
       8         9      2000      0.00  
       8        10      2000      0.00  
       8        11      2000      0.00  
       8        12      2000      0.00  
       8        13      2000      0.00  
       8        14      2000      0.00  
       8        15      2000      0.02  
       8        16      2000      0.00  
       8        17      2000      0.00  
       8        18      2000      0.00  
       8        19      2000      1.43  
       8        20      2000      0.69  
       8        21      2000      0.01  
       8        22      2000      0.00  
       8        23      2000      0.02  
       8        24      2000      0.02  
       8        25      2000      0.00  
       8        26      2000      0.01  
       8        27      2000      0.00  
       8        28      2000      0.00  
       8        29      2000      0.00  
       8        30      2000      0.00  
       8        31      2000      0.00  
       9         1      2000      0.00  
       9         2      2000      0.00  
       9         3      2000      0.00  
       9         4      2000      0.20  
       9         5      2000      0.00  
       9         6      2000      0.00  
       9         7      2000      0.00  
       9         8      2000      0.00  
       9         9      2000      0.00  
       9        10      2000      0.00  
       9        11      2000      0.08  
       9        12      2000      0.00  
       9        13      2000      0.00  
       9        14      2000      0.00  
       9        15      2000      0.00  
       9        16      2000      0.00  
       9        17      2000      0.00  
       9        18      2000      0.00  
       9        19      2000      0.01  
       9        20      2000      0.58  
       9        21      2000      0.00  
       9        22      2000      1.91  
       9        23      2000      1.49  
       9        24      2000      0.91  
       9        25      2000      0.33  
       9        26      2000      0.00  
       9        27      2000      0.00  
       9        28      2000      0.00  
       9        29      2000      0.00  
       9        30      2000      0.00  
      10         1      2000      0.00  
      10         2      2000      0.00  
      10         3      2000      0.10  
      10         4      2000      0.15  
      10         5      2000      0.64  
      10         6      2000      0.00  
      10         7      2000      0.00  
      10         8      2000      0.00  
      10         9      2000      0.00  
      10        10      2000      0.00  
      10        11      2000      0.00  
      10        12      2000      0.00  
      10        13      2000      0.06  
      10        14      2000      0.22  
      10        15      2000      0.00  
      10        16      2000      0.00  
      10        17      2000      0.00  
      10        18      2000      0.00  
      10        19      2000      0.00  
      10        20      2000      0.00  
      10        21      2000      0.00  
      10        22      2000      0.19  
      10        23      2000      0.57  
      10        24      2000      0.01  
      10        25      2000      0.00  
      10        26      2000      0.00  
      10        27      2000      0.01  
      10        28      2000      0.00  
      10        29      2000      0.06  
      10        30      2000      0.00  
      10        31      2000      0.00  
      11         1      2000      1.24  
      11         2      2000      0.00  
      11         3      2000      0.00  
      11         4      2000      0.00  
      11         5      2000      0.08  
      11         6      2000      0.86  
      11         7      2000      0.00  
      11         8      2000      0.00  
      11         9      2000      0.00  
      11        10      2000      0.01  
      11        11      2000      0.01  
      11        12      2000      0.01  
      11        13      2000      0.00  
      11        14      2000      0.00  
      11        15      2000      0.00  
      11        16      2000      0.00  
      11        17      2000      0.00  
      11        18      2000      0.00  
      11        19      2000      0.00  
      11        20      2000      0.00  
      11        21      2000      0.00  
      11        22      2000      0.00  
      11        23      2000      0.00  
      11        24      2000      0.00  
      11        25      2000      0.00  
      11        26      2000      0.00  
      11        27      2000      0.00  
      11        28      2000      0.00  
      11        29      2000      0.00  
      11        30      2000      0.00  
      12         1      2000      0.01  
      12         2      2000      0.02  
      12         3      2000      0.00  
      12         4      2000      0.00  
      12         5      2000      0.00  
      12         6      2000      0.00  
      12         7      2000      0.00  
      12         8      2000      0.00  
      12         9      2000      0.00  
      12        10      2000      0.00  
      12        11      2000      0.01  
      12        12      2000      0.00  
      12        13      2000      0.00  
      12        14      2000      0.00  
      12        15      2000      0.00  
      12        16      2000      0.02  
      12        17      2000      0.00  
      12        18      2000      0.00  
      12        19      2000      0.00  
      12        20      2000      0.00  
      12        21      2000      0.00  
      12        22      2000      0.00  
      12        23      2000      0.01  
      12        24      2000      0.00  
      12        25      2000      0.00  
      12        26      2000      0.00  
      12        27      2000      0.00  
      12        28      2000      0.00  
      12        29      2000      0.00  
      12        30      2000      0.00  
      12        31      2000      0.00  
       1         1      2001      0.00  
       1         2      2001      0.00  
       1         3      2001      0.03  
       1         4      2001      0.00  
       1         5      2001      0.00  
       1         6      2001      0.00  
       1         7      2001      0.00  
       1         8      2001      0.00  
       1         9      2001      0.00  
       1        10      2001      0.00  
       1        11      2001      0.12  
       1        12      2001      0.00  
       1        13      2001      0.40  
       1        14      2001      0.13  
       1        15      2001      0.00  
       1        16      2001      0.00  
       1        17      2001      0.00  
       1        18      2001      0.00  
       1        19      2001      0.00  
       1        20      2001      0.00  
       1        21      2001      0.00  
       1        22      2001      0.00  
       1        23      2001      0.00  
       1        24      2001      0.00  
       1        25      2001      0.00  
       1        26      2001      0.07  
       1        27      2001      0.00  
       1        28      2001      0.01  
       1        29      2001      1.14  
       1        30      2001      0.07  
       1        31      2001      0.07  
       2         1      2001      0.00  
       2         2      2001      0.00  
       2         3      2001      0.00  
       2         4      2001      0.00  
       2         5      2001      0.00  
       2         6      2001      0.00  
       2         7      2001      0.00  
       2         8      2001      0.73  
       2         9      2001      0.14  
       2        10      2001      0.00  
       2        11      2001      0.00  
       2        12      2001      0.13  
       2        13      2001      0.01  
       2        14      2001      0.03  
       2        15      2001      0.00  
       2        16      2001      0.01  
       2        17      2001      0.00  
       2        18      2001      0.00  
       2        19      2001      0.00  
       2        20      2001      0.00  
       2        21      2001      0.00  
       2        22      2001      0.00  
       2        23      2001      0.11  
       2        24      2001      1.09  
       2        25      2001      0.00  
       2        26      2001      0.00  
       2        27      2001      0.00  
       2        28      2001      0.15  
       3         1      2001      0.00  
       3         2      2001      0.00  
       3         3      2001      0.00  
       3         4      2001      0.00  
       3         5      2001      0.00  
       3         6      2001      0.00  
       3         7      2001      0.00  
       3         8      2001      0.00  
       3         9      2001      0.00  
       3        10      2001      0.02  
       3        11      2001      0.03  
       3        12      2001      0.01  
       3        13      2001      0.00  
       3        14      2001      1.39  
       3        15      2001      0.13  
       3        16      2001      0.35  
       3        17      2001      0.00  
       3        18      2001      0.00  
       3        19      2001      0.00  
       3        20      2001      0.00  
       3        21      2001      0.20  
       3        22      2001      0.00  
       3        23      2001      0.01  
       3        24      2001      0.00  
       3        25      2001      0.00  
       3        26      2001      0.00  
       3        27      2001      0.00  
       3        28      2001      0.15  
       3        29      2001      0.00  
       3        30      2001      0.00  
       3        31      2001      0.06  
       4         1      2001      0.01  
       4         2      2001      0.05  
       4         3      2001      0.17  
       4         4      2001      0.00  
       4         5      2001      0.00  
       4         6      2001      0.00  
       4         7      2001      0.00  
       4         8      2001      0.00  
       4         9      2001      0.00  
       4        10      2001      0.26  
       4        11      2001      0.12  
       4        12      2001      0.00  
       4        13      2001      0.00  
       4        14      2001      0.23  
       4        15      2001      0.00  
       4        16      2001      0.00  
       4        17      2001      0.00  
       4        18      2001      0.00  
       4        19      2001      0.00  
       4        20      2001      0.62  
       4        21      2001      1.31  
       4        22      2001      0.28  
       4        23      2001      0.00  
       4        24      2001      0.00  
       4        25      2001      0.00  
       4        26      2001      0.00  
       4        27      2001      0.00  
       4        28      2001      0.00  
       4        29      2001      0.00  
       4        30      2001      0.24  
       5         1      2001      0.00  
       5         2      2001      0.04  
       5         3      2001      0.87  
       5         4      2001      0.01  
       5         5      2001      0.29  
       5         6      2001      0.20  
       5         7      2001      0.00  
       5         8      2001      0.03  
       5         9      2001      0.00  
       5        10      2001      0.90  
       5        11      2001      0.28  
       5        12      2001      0.00  
       5        13      2001      0.00  
       5        14      2001      0.00  
       5        15      2001      0.00  
       5        16      2001      0.00  
       5        17      2001      1.21  
       5        18      2001      0.00  
       5        19      2001      0.00  
       5        20      2001      0.31  
       5        21      2001      0.00  
       5        22      2001      0.00  
       5        23      2001      0.00  
       5        24      2001      0.15  
       5        25      2001      0.03  
       5        26      2001      0.00  
       5        27      2001      0.00  
       5        28      2001      0.00  
       5        29      2001      0.03  
       5        30      2001      1.46  
       5        31      2001      0.23  
       6         1      2001      0.11  
       6         2      2001      0.00  
       6         3      2001      1.04  
       6         4      2001      0.66  
       6         5      2001      1.11  
       6         6      2001      0.10  
       6         7      2001      0.00  
       6         8      2001      0.00  
       6         9      2001      0.00  
       6        10      2001      0.08  
       6        11      2001      0.00  
       6        12      2001      0.00  
       6        13      2001      0.00  
       6        14      2001      0.63  
       6        15      2001      0.00  
       6        16      2001      0.03  
       6        17      2001      0.03  
       6        18      2001      0.00  
       6        19      2001      1.10  
       6        20      2001      1.62  
       6        21      2001      0.00  
       6        22      2001      0.00  
       6        23      2001      0.00  
       6        24      2001      0.00  
       6        25      2001      0.00  
       6        26      2001      0.00  
       6        27      2001      0.00  
       6        28      2001      0.00  
       6        29      2001      0.00  
       6        30      2001      0.00  
       7         1      2001      0.00  
       7         2      2001      0.00  
       7         3      2001      0.77  
       7         4      2001      0.01  
       7         5      2001      0.00  
       7         6      2001      0.00  
       7         7      2001      0.00  
       7         8      2001      0.00  
       7         9      2001      0.00  
       7        10      2001      0.00  
       7        11      2001      1.20  
       7        12      2001      1.46  
       7        13      2001      0.00  
       7        14      2001      0.00  
       7        15      2001      0.00  
       7        16      2001      0.00  
       7        17      2001      0.00  
       7        18      2001      0.04  
       7        19      2001      0.25  
       7        20      2001      0.01  
       7        21      2001      0.00  
       7        22      2001      0.00  
       7        23      2001      0.00  
       7        24      2001      0.12  
       7        25      2001      0.51  
       7        26      2001      0.00  
       7        27      2001      0.02  
       7        28      2001      0.59  
       7        29      2001      0.00  
       7        30      2001      0.00  
       7        31      2001      0.00  
       8         1      2001      0.00  
       8         2      2001      0.00  
       8         3      2001      0.00  
       8         4      2001      0.00  
       8         5      2001      0.00  
       8         6      2001      0.00  
       8         7      2001      0.00  
       8         8      2001      0.00  
       8         9      2001      0.00  
       8        10      2001      0.00  
       8        11      2001      0.01  
       8        12      2001      0.00  
       8        13      2001      0.00  
       8        14      2001      0.00  
       8        15      2001      0.35  
       8        16      2001      0.00  
       8        17      2001      0.21  
       8        18      2001      0.00  
       8        19      2001      0.00  
       8        20      2001      0.00  
       8        21      2001      0.00  
       8        22      2001      0.05  
       8        23      2001      0.53  
       8        24      2001      0.70  
       8        25      2001      1.03  
       8        26      2001      0.00  
       8        27      2001      0.00  
       8        28      2001      0.00  
       8        29      2001      0.05  
       8        30      2001      0.63  
       8        31      2001      0.00  
       9         1      2001      0.00  
       9         2      2001      0.00  
       9         3      2001      0.00  
       9         4      2001      0.00  
       9         5      2001      0.00  
       9         6      2001      0.11  
       9         7      2001      0.86  
       9         8      2001      0.02  
       9         9      2001      0.23  
       9        10      2001      0.00  
       9        11      2001      0.00  
       9        12      2001      0.00  
       9        13      2001      0.00  
       9        14      2001      0.00  
       9        15      2001      0.04  
       9        16      2001      1.43  
       9        17      2001      0.01  
       9        18      2001      1.52  
       9        19      2001      0.00  
       9        20      2001      0.01  
       9        21      2001      0.00  
       9        22      2001      0.09  
       9        23      2001      0.29  
       9        24      2001      0.00  
       9        25      2001      0.00  
       9        26      2001      0.00  
       9        27      2001      0.00  
       9        28      2001      0.00  
       9        29      2001      0.00  
       9        30      2001      0.00  
      10         1      2001      0.00  
      10         2      2001      0.00  
      10         3      2001      0.00  
      10         4      2001      0.22  
      10         5      2001      0.24  
      10         6      2001      0.00  
      10         7      2001      0.00  
      10         8      2001      0.00  
      10         9      2001      0.00  
      10        10      2001      0.39  
      10        11      2001      0.00  
      10        12      2001      0.00  
      10        13      2001      0.00  
      10        14      2001      0.02  
      10        15      2001      1.07  
      10        16      2001      0.00  
      10        17      2001      0.00  
      10        18      2001      0.00  
      10        19      2001      0.00  
      10        20      2001      0.00  
      10        21      2001      0.00  
      10        22      2001      0.14  
      10        23      2001      0.01  
      10        24      2001      0.10  
      10        25      2001      0.00  
      10        26      2001      0.00  
      10        27      2001      0.00  
      10        28      2001      0.00  
      10        29      2001      0.00  
      10        30      2001      0.00  
      10        31      2001      0.00  
      11         1      2001      0.00  
      11         2      2001      0.00  
      11         3      2001      0.00  
      11         4      2001      0.00  
      11         5      2001      0.00  
      11         6      2001      0.00  
      11         7      2001      0.00  
      11         8      2001      0.00  
      11         9      2001      0.00  
      11        10      2001      0.00  
      11        11      2001      0.00  
      11        12      2001      0.00  
      11        13      2001      0.00  
      11        14      2001      0.00  
      11        15      2001      0.00  
      11        16      2001      0.00  
      11        17      2001      0.00  
      11        18      2001      0.04  
      11        19      2001      0.00  
      11        20      2001      0.00  
      11        21      2001      0.00  
      11        22      2001      0.00  
      11        23      2001      0.29  
      11        24      2001      0.26  
      11        25      2001      0.00  
      11        26      2001      0.02  
      11        27      2001      0.00  
      11        28      2001      0.00  
      11        29      2001      0.00  
      11        30      2001      0.00  
      12         1      2001      0.00  
      12         2      2001      0.00  
      12         3      2001      0.00  
      12         4      2001      0.00  
      12         5      2001      0.10  
      12         6      2001      0.00  
      12         7      2001      0.00  
      12         8      2001      0.00  
      12         9      2001      0.00  
      12        10      2001      0.00  
      12        11      2001      0.00  
      12        12      2001      0.63  
      12        13      2001      0.00  
      12        14      2001      0.00  
      12        15      2001      0.00  
      12        16      2001      0.01  
      12        17      2001      0.00  
      12        18      2001      0.00  
      12        19      2001      0.00  
      12        20      2001      0.00  
      12        21      2001      0.00  
      12        22      2001      0.00  
      12        23      2001      0.00  
      12        24      2001      0.00  
      12        25      2001      0.00  
      12        26      2001      0.00  
      12        27      2001      0.00  
      12        28      2001      0.00  
      12        29      2001      0.00  
      12        30      2001      0.00  
      12        31      2001      0.00  
       1         1      2002      0.00  
       1         2      2002      0.00  
       1         3      2002      0.00  
       1         4      2002      0.00  
       1         5      2002      0.01  
       1         6      2002      0.01  
       1         7      2002      0.00  
       1         8      2002      0.00  
       1         9      2002      0.00  
       1        10      2002      0.00  
       1        11      2002      0.00  
       1        12      2002      0.00  
       1        13      2002      0.00  
       1        14      2002      0.00  
       1        15      2002      0.00  
       1        16      2002      0.00  
       1        17      2002      0.00  
       1        18      2002      0.00  
       1        19      2002      0.11  
       1        20      2002      0.00  
       1        21      2002      0.00  
       1        22      2002      0.00  
       1        23      2002      0.00  
       1        24      2002      0.00  
       1        25      2002      0.00  
       1        26      2002      0.00  
       1        27      2002      0.00  
       1        28      2002      0.00  
       1        29      2002      0.00  
       1        30      2002      0.00  
       1        31      2002      0.00  
       2         1      2002      0.47  
       2         2      2002      0.38  
       2         3      2002      0.02  
       2         4      2002      0.00  
       2         5      2002      0.00  
       2         6      2002      0.00  
       2         7      2002      0.00  
       2         8      2002      0.00  
       2         9      2002      0.04  
       2        10      2002      0.02  
       2        11      2002      0.00  
       2        12      2002      0.00  
       2        13      2002      0.00  
       2        14      2002      0.00  
       2        15      2002      0.00  
       2        16      2002      0.00  
       2        17      2002      0.00  
       2        18      2002      0.09  
       2        19      2002      0.21  
       2        20      2002      0.00  
       2        21      2002      0.00  
       2        22      2002      0.00  
       2        23      2002      0.00  
       2        24      2002      0.00  
       2        25      2002      0.00  
       2        26      2002      0.00  
       2        27      2002      0.00  
       2        28      2002      0.00  
       3         1      2002      0.00  
       3         2      2002      0.00  
       3         3      2002      0.00  
       3         4      2002      0.00  
       3         5      2002      0.00  
       3         6      2002      0.00  
       3         7      2002      0.00  
       3         8      2002      0.26  
       3         9      2002      0.13  
       3        10      2002      0.00  
       3        11      2002      0.00  
       3        12      2002      0.00  
       3        13      2002      0.00  
       3        14      2002      0.00  
       3        15      2002      0.00  
       3        16      2002      0.00  
       3        17      2002      0.00  
       3        18      2002      0.00  
       3        19      2002      0.00  
       3        20      2002      0.00  
       3        21      2002      0.00  
       3        22      2002      0.00  
       3        23      2002      0.00  
       3        24      2002      0.17  
       3        25      2002      0.01  
       3        26      2002      0.02  
       3        27      2002      0.00  
       3        28      2002      0.23  
       3        29      2002      0.01  
       3        30      2002      0.00  
       3        31      2002      0.00  
       4         1      2002      0.00  
       4         2      2002      0.00  
       4         3      2002      0.00  
       4         4      2002      0.00  
       4         5      2002      0.00  
       4         6      2002      0.00  
       4         7      2002      0.03  
       4         8      2002      0.85  
       4         9      2002      0.00  
       4        10      2002      0.00  
       4        11      2002      0.01  
       4        12      2002      0.00  
       4        13      2002      0.00  
       4        14      2002      0.00  
       4        15      2002      0.00  
       4        16      2002      0.00  
       4        17      2002      0.00  
       4        18      2002      0.00  
       4        19      2002      0.05  
       4        20      2002      1.08  
       4        21      2002      0.23  
       4        22      2002      0.00  
       4        23      2002      0.00  
       4        24      2002      0.03  
       4        25      2002      0.00  
       4        26      2002      0.00  
       4        27      2002      0.82  
       4        28      2002      0.00  
       4        29      2002      0.00  
       4        30      2002      0.00  
       5         1      2002      0.00  
       5         2      2002      0.00  
       5         3      2002      0.00  
       5         4      2002      0.00  
       5         5      2002      0.81  
       5         6      2002      0.94  
       5         7      2002      0.00  
       5         8      2002      0.14  
       5         9      2002      0.01  
       5        10      2002      0.57  
       5        11      2002      0.91  
       5        12      2002      0.56  
       5        13      2002      0.00  
       5        14      2002      0.00  
       5        15      2002      0.00  
       5        16      2002      0.03  
       5        17      2002      0.09  
       5        18      2002      0.00  
       5        19      2002      0.00  
       5        20      2002      0.00  
       5        21      2002      0.00  
       5        22      2002      0.00  
       5        23      2002      0.15  
       5        24      2002      0.63  
       5        25      2002      0.11  
       5        26      2002      0.00  
       5        27      2002      0.43  
       5        28      2002      0.00  
       5        29      2002      0.00  
       5        30      2002      0.00  
       5        31      2002      0.00  
       6         1      2002      0.00  
       6         2      2002      0.00  
       6         3      2002      0.00  
       6         4      2002      0.31  
       6         5      2002      0.00  
       6         6      2002      0.00  
       6         7      2002      0.00  
       6         8      2002      0.00  
       6         9      2002      0.00  
       6        10      2002      0.00  
       6        11      2002      1.04  
       6        12      2002      0.00  
       6        13      2002      0.00  
       6        14      2002      0.00  
       6        15      2002      0.00  
       6        16      2002      0.00  
       6        17      2002      0.00  
       6        18      2002      0.29  
       6        19      2002      0.00  
       6        20      2002      0.00  
       6        21      2002      0.00  
       6        22      2002      0.00  
       6        23      2002      0.00  
       6        24      2002      0.00  
       6        25      2002      0.00  
       6        26      2002      0.14  
       6        27      2002      0.00  
       6        28      2002      0.00  
       6        29      2002      0.00  
       6        30      2002      0.00  
       7         1      2002      0.00  
       7         2      2002      0.00  
       7         3      2002      0.00  
       7         4      2002      0.05  
       7         5      2002      0.00  
       7         6      2002      0.00  
       7         7      2002      0.00  
       7         8      2002      0.00  
       7         9      2002      0.00  
       7        10      2002      0.22  
       7        11      2002      0.00  
       7        12      2002      0.00  
       7        13      2002      0.00  
       7        14      2002      0.00  
       7        15      2002      0.00  
       7        16      2002      0.00  
       7        17      2002      0.00  
       7        18      2002      0.00  
       7        19      2002      0.00  
       7        20      2002      0.00  
       7        21      2002      0.00  
       7        22      2002      0.09  
       7        23      2002      0.00  
       7        24      2002      0.00  
       7        25      2002      0.05  
       7        26      2002      0.17  
       7        27      2002      0.00  
       7        28      2002      0.84  
       7        29      2002      0.00  
       7        30      2002      0.00  
       7        31      2002      0.00  
       8         1      2002      0.00  
       8         2      2002      0.00  
       8         3      2002      0.00  
       8         4      2002      0.00  
       8         5      2002      0.00  
       8         6      2002      0.00  
       8         7      2002      0.00  
       8         8      2002      0.00  
       8         9      2002      0.00  
       8        10      2002      0.00  
       8        11      2002      0.00  
       8        12      2002      0.01  
       8        13      2002      0.46  
       8        14      2002      0.00  
       8        15      2002      0.00  
       8        16      2002      0.00  
       8        17      2002      0.23  
       8        18      2002      0.09  
       8        19      2002      0.02  
       8        20      2002      0.76  
       8        21      2002      0.01  
       8        22      2002      0.42  
       8        23      2002      1.35  
       8        24      2002      0.00  
       8        25      2002      0.00  
       8        26      2002      0.00  
       8        27      2002      0.00  
       8        28      2002      0.00  
       8        29      2002      0.00  
       8        30      2002      0.00  
       8        31      2002      0.00  
       9         1      2002      0.00  
       9         2      2002      0.00  
       9         3      2002      0.00  
       9         4      2002      0.00  
       9         5      2002      0.00  
       9         6      2002      0.00  
       9         7      2002      0.00  
       9         8      2002      0.00  
       9         9      2002      0.00  
       9        10      2002      0.00  
       9        11      2002      0.00  
       9        12      2002      0.00  
       9        13      2002      0.00  
       9        14      2002      0.12  
       9        15      2002      0.00  
       9        16      2002      0.00  
       9        17      2002      0.00  
       9        18      2002      0.33  
       9        19      2002      0.18  
       9        20      2002      0.02  
       9        21      2002      0.00  
       9        22      2002      0.00  
       9        23      2002      0.00  
       9        24      2002      0.00  
       9        25      2002      0.00  
       9        26      2002      0.00  
       9        27      2002      0.00  
       9        28      2002      0.00  
       9        29      2002      0.00  
       9        30      2002      0.00  
      10         1      2002      0.00  
      10         2      2002      0.38  
      10         3      2002      0.13  
      10         4      2002      0.08  
      10         5      2002      0.00  
      10         6      2002      0.13  
      10         7      2002      0.00  
      10         8      2002      0.00  
      10         9      2002      0.00  
      10        10      2002      0.00  
      10        11      2002      0.00  
      10        12      2002      0.00  
      10        13      2002      0.00  
      10        14      2002      0.00  
      10        15      2002      0.00  
      10        16      2002      0.15  
      10        17      2002      0.00  
      10        18      2002      0.01  
      10        19      2002      0.00  
      10        20      2002      0.00  
      10        21      2002      0.00  
      10        22      2002      0.00  
      10        23      2002      0.44  
      10        24      2002      0.68  
      10        25      2002      0.08  
      10        26      2002      0.00  
      10        27      2002      0.19  
      10        28      2002      0.02  
      10        29      2002      0.05  
      10        30      2002      0.28  
      10        31      2002      0.00  
      11         1      2002      0.00  
      11         2      2002      0.00  
      11         3      2002      0.01  
      11         4      2002      0.00  
      11         5      2002      0.18  
      11         6      2002      0.00  
      11         7      2002      0.00  
      11         8      2002      0.00  
      11         9      2002      0.00  
      11        10      2002      0.00  
      11        11      2002      0.00  
      11        12      2002      0.00  
      11        13      2002      0.00  
      11        14      2002      0.13  
      11        15      2002      0.00  
      11        16      2002      0.00  
      11        17      2002      0.00  
      11        18      2002      0.00  
      11        19      2002      0.00  
      11        20      2002      0.00  
      11        21      2002      0.00  
      11        22      2002      0.00  
      11        23      2002      0.00  
      11        24      2002      0.00  
      11        25      2002      0.00  
      11        26      2002      0.00  
      11        27      2002      0.00  
      11        28      2002      0.00  
      11        29      2002      0.00  
      11        30      2002      0.00  
      12         1      2002      0.00  
      12         2      2002      0.00  
      12         3      2002      0.00  
      12         4      2002      0.00  
      12         5      2002      0.00  
      12         6      2002      0.00  
      12         7      2002      0.00  
      12         8      2002      0.00  
      12         9      2002      0.00  
      12        10      2002      0.00  
      12        11      2002      0.00  
      12        12      2002      0.00  
      12        13      2002      0.00  
      12        14      2002      0.00  
      12        15      2002      0.00  
      12        16      2002      0.00  
      12        17      2002      0.00  
      12        18      2002      0.00  
      12        19      2002      0.00  
      12        20      2002      0.00  
      12        21      2002      0.00  
      12        22      2002      0.00  
      12        23      2002      0.00  
      12        24      2002      0.00  
      12        25      2002      0.00  
      12        26      2002      0.00  
      12        27      2002      0.00  
      12        28      2002      0.00  
      12        29      2002      0.00  
      12        30      2002      0.00  
      12        31      2002      0.00  
       1         1      2003      0.00  
       1         2      2003      0.00  
       1         3      2003      0.00  
       1         4      2003      0.00  
       1         5      2003      0.00  
       1         6      2003      0.00  
       1         7      2003      0.00  
       1         8      2003      0.00  
       1         9      2003      0.00  
       1        10      2003      0.00  
       1        11      2003      0.00  
       1        12      2003      0.00  
       1        13      2003      0.00  
       1        14      2003      0.00  
       1        15      2003      0.00  
       1        16      2003      0.00  
       1        17      2003      0.00  
       1        18      2003      0.00  
       1        19      2003      0.00  
       1        20      2003      0.00  
       1        21      2003      0.00  
       1        22      2003      0.00  
       1        23      2003      0.00  
       1        24      2003      0.00  
       1        25      2003      0.01  
       1        26      2003      0.00  
       1        27      2003      0.00  
       1        28      2003      0.00  
       1        29      2003      0.00  
       1        30      2003      0.09  
       1        31      2003      0.03  
       2         1      2003      0.00  
       2         2      2003      0.00  
       2         3      2003      0.06  
       2         4      2003      0.00  
       2         5      2003      0.00  
       2         6      2003      0.00  
       2         7      2003      0.00  
       2         8      2003      0.00  
       2         9      2003      0.00  
       2        10      2003      0.00  
       2        11      2003      0.03  
       2        12      2003      0.00  
       2        13      2003      0.00  
       2        14      2003      0.21  
       2        15      2003      0.03  
       2        16      2003      0.01  
       2        17      2003      0.00  
       2        18      2003      0.00  
       2        19      2003      0.00  
       2        20      2003      0.00  
       2        21      2003      0.00  
       2        22      2003      0.00  
       2        23      2003      0.00  
       2        24      2003      0.00  
       2        25      2003      0.00  
       2        26      2003      0.02  
       2        27      2003      0.00  
       2        28      2003      0.05  
       3         1      2003      0.07  
       3         2      2003      0.00  
       3         3      2003      0.00  
       3         4      2003      0.00  
       3         5      2003      0.00  
       3         6      2003      0.18  
       3         7      2003      0.00  
       3         8      2003      0.00  
       3         9      2003      0.00  
       3        10      2003      0.00  
       3        11      2003      0.00  
       3        12      2003      0.04  
       3        13      2003      0.00  
       3        14      2003      0.00  
       3        15      2003      0.00  
       3        16      2003      0.00  
       3        17      2003      0.00  
       3        18      2003      0.01  
       3        19      2003      0.44  
       3        20      2003      0.34  
       3        21      2003      0.00  
       3        22      2003      0.00  
       3        23      2003      0.00  
       3        24      2003      0.00  
       3        25      2003      0.00  
       3        26      2003      0.00  
       3        27      2003      0.00  
       3        28      2003      0.00  
       3        29      2003      0.00  
       3        30      2003      0.00  
       3        31      2003      0.00  
       4         1      2003      0.00  
       4         2      2003      0.00  
       4         3      2003      0.00  
       4         4      2003      0.68  
       4         5      2003      0.00  
       4         6      2003      0.16  
       4         7      2003      0.03  
       4         8      2003      0.00  
       4         9      2003      0.00  
       4        10      2003      0.00  
       4        11      2003      0.00  
       4        12      2003      0.00  
       4        13      2003      0.00  
       4        14      2003      0.00  
       4        15      2003      0.00  
       4        16      2003      0.31  
       4        17      2003      0.00  
       4        18      2003      0.01  
       4        19      2003      1.47  
       4        20      2003      0.08  
       4        21      2003      0.00  
       4        22      2003      0.00  
       4        23      2003      0.91  
       4        24      2003      0.19  
       4        25      2003      0.07  
       4        26      2003      0.00  
       4        27      2003      0.00  
       4        28      2003      1.10  
       4        29      2003      0.00  
       4        30      2003      0.73  
       5         1      2003      0.00  
       5         2      2003      0.00  
       5         3      2003      0.00  
       5         4      2003      0.99  
       5         5      2003      0.00  
       5         6      2003      0.06  
       5         7      2003      0.00  
       5         8      2003      0.33  
       5         9      2003      0.00  
       5        10      2003      0.28  
       5        11      2003      0.00  
       5        12      2003      0.00  
       5        13      2003      0.01  
       5        14      2003      0.00  
       5        15      2003      0.00  
       5        16      2003      0.01  
       5        17      2003      0.00  
       5        18      2003      0.00  
       5        19      2003      0.61  
       5        20      2003      0.00  
       5        21      2003      0.00  
       5        22      2003      0.00  
       5        23      2003      0.02  
       5        24      2003      0.93  
       5        25      2003      0.00  
       5        26      2003      0.00  
       5        27      2003      0.00  
       5        28      2003      0.07  
       5        29      2003      0.33  
       5        30      2003      0.00  
       5        31      2003      0.00  
       6         1      2003      0.00  
       6         2      2003      0.76  
       6         3      2003      0.00  
       6         4      2003      0.00  
       6         5      2003      0.04  
       6         6      2003      0.85  
       6         7      2003      0.00  
       6         8      2003      0.00  
       6         9      2003      0.00  
       6        10      2003      0.74  
       6        11      2003      0.00  
       6        12      2003      2.45  
       6        13      2003      0.00  
       6        14      2003      0.00  
       6        15      2003      0.00  
       6        16      2003      0.00  
       6        17      2003      0.00  
       6        18      2003      0.00  
       6        19      2003      0.00  
       6        20      2003      0.00  
       6        21      2003      0.00  
       6        22      2003      0.00  
       6        23      2003      0.28  
       6        24      2003      0.00  
       6        25      2003      0.56  
       6        26      2003      0.00  
       6        27      2003      0.00  
       6        28      2003      0.08  
       6        29      2003      0.37  
       6        30      2003      0.01  
       7         1      2003      0.00  
       7         2      2003      0.00  
       7         3      2003      0.00  
       7         4      2003      0.00  
       7         5      2003      0.00  
       7         6      2003      0.00  
       7         7      2003      0.00  
       7         8      2003      0.00  
       7         9      2003      0.31  
       7        10      2003      0.00  
       7        11      2003      0.00  
       7        12      2003      0.00  
       7        13      2003      0.00  
       7        14      2003      0.00  
       7        15      2003      0.00  
       7        16      2003      0.00  
       7        17      2003      0.00  
       7        18      2003      0.00  
       7        19      2003      0.00  
       7        20      2003      0.00  
       7        21      2003      0.00  
       7        22      2003      0.02  
       7        23      2003      0.01  
       7        24      2003      0.00  
       7        25      2003      0.00  
       7        26      2003      0.00  
       7        27      2003      0.00  
       7        28      2003      0.00  
       7        29      2003      0.00  
       7        30      2003      0.00  
       7        31      2003      0.08  
       8         1      2003      0.06  
       8         2      2003      0.00  
       8         3      2003      0.00  
       8         4      2003      0.00  
       8         5      2003      0.00  
       8         6      2003      0.00  
       8         7      2003      0.00  
       8         8      2003      0.00  
       8         9      2003      0.00  
       8        10      2003      0.14  
       8        11      2003      0.00  
       8        12      2003      0.00  
       8        13      2003      0.00  
       8        14      2003      0.00  
       8        15      2003      0.00  
       8        16      2003      0.00  
       8        17      2003      0.00  
       8        18      2003      0.00  
       8        19      2003      0.00  
       8        20      2003      0.00  
       8        21      2003      0.00  
       8        22      2003      0.00  
       8        23      2003      0.00  
       8        24      2003      0.00  
       8        25      2003      0.00  
       8        26      2003      0.00  
       8        27      2003      0.00  
       8        28      2003      0.00  
       8        29      2003      0.11  
       8        30      2003      0.60  
       8        31      2003      2.92  
       9         1      2003      0.01  
       9         2      2003      0.00  
       9         3      2003      0.00  
       9         4      2003      0.00  
       9         5      2003      0.00  
       9         6      2003      0.00  
       9         7      2003      0.00  
       9         8      2003      0.00  
       9         9      2003      0.00  
       9        10      2003      0.00  
       9        11      2003      0.85  
       9        12      2003      0.00  
       9        13      2003      1.33  
       9        14      2003      0.00  
       9        15      2003      0.00  
       9        16      2003      0.00  
       9        17      2003      0.00  
       9        18      2003      0.45  
       9        19      2003      0.00  
       9        20      2003      0.00  
       9        21      2003      1.08  
       9        22      2003      0.00  
       9        23      2003      0.00  
       9        24      2003      0.00  
       9        25      2003      0.00  
       9        26      2003      0.00  
       9        27      2003      0.00  
       9        28      2003      0.00  
       9        29      2003      0.00  
       9        30      2003      0.14  
      10         1      2003      0.00  
      10         2      2003      0.00  
      10         3      2003      0.00  
      10         4      2003      0.00  
      10         5      2003      0.00  
      10         6      2003      0.00  
      10         7      2003      0.00  
      10         8      2003      0.00  
      10         9      2003      0.00  
      10        10      2003      0.00  
      10        11      2003      0.47  
      10        12      2003      0.00  
      10        13      2003      0.82  
      10        14      2003      0.00  
      10        15      2003      0.00  
      10        16      2003      0.18  
      10        17      2003      0.01  
      10        18      2003      0.00  
      10        19      2003      0.00  
      10        20      2003      0.00  
      10        21      2003      0.00  
      10        22      2003      0.00  
      10        23      2003      0.00  
      10        24      2003      0.00  
      10        25      2003      0.00  
      10        26      2003      0.00  
      10        27      2003      0.04  
      10        28      2003      0.01  
      10        29      2003      0.00  
      10        30      2003      0.00  
      10        31      2003      0.00  
      11         1      2003      0.00  
      11         2      2003      0.02  
      11         3      2003      0.03  
      11         4      2003      0.01  
      11         5      2003      0.00  
      11         6      2003      0.00  
      11         7      2003      0.00  
      11         8      2003      0.00  
      11         9      2003      0.00  
      11        10      2003      0.01  
      11        11      2003      0.00  
      11        12      2003      0.01  
      11        13      2003      0.00  
      11        14      2003      0.01  
      11        15      2003      0.00  
      11        16      2003      0.00  
      11        17      2003      0.25  
      11        18      2003      0.02  
      11        19      2003      0.00  
      11        20      2003      0.00  
      11        21      2003      0.00  
      11        22      2003      0.17  
      11        23      2003      0.24  
      11        24      2003      0.00  
      11        25      2003      0.00  
      11        26      2003      0.00  
      11        27      2003      0.00  
      11        28      2003      0.00  
      11        29      2003      0.00  
      11        30      2003      0.00  
      12         1      2003      0.00  
      12         2      2003      0.12  
      12         3      2003      0.21  
      12         4      2003      0.06  
      12         5      2003      0.00  
      12         6      2003      0.00  
      12         7      2003      0.00  
      12         8      2003      0.00  
      12         9      2003      1.27  
      12        10      2003      0.00  
      12        11      2003      0.00  
      12        12      2003      0.00  
      12        13      2003      0.01  
      12        14      2003      0.00  
      12        15      2003      0.01  
      12        16      2003      0.00  
      12        17      2003      0.03  
      12        18      2003      0.00  
      12        19      2003      0.00  
      12        20      2003      0.00  
      12        21      2003      0.00  
      12        22      2003      0.33  
      12        23      2003      0.00  
      12        24      2003      0.00  
      12        25      2003      0.00  
      12        26      2003      0.00  
      12        27      2003      0.05  
      12        28      2003      0.00  
      12        29      2003      0.00  
      12        30      2003      0.00  
      12        31      2003      0.00  
       1         1      2004      0.00  
       1         2      2004      0.00  
       1         3      2004      0.00  
       1         4      2004      0.00  
       1         5      2004      0.00  
       1         6      2004      0.00  
       1         7      2004      0.00  
       1         8      2004      0.00  
       1         9      2004      0.00  
       1        10      2004      0.00  
       1        11      2004      0.00  
       1        12      2004      0.00  
       1        13      2004      0.00  
       1        14      2004      0.00  
       1        15      2004      0.00  
       1        16      2004      0.18  
       1        17      2004      0.01  
       1        18      2004      0.00  
       1        19      2004      0.00  
       1        20      2004      0.00  
       1        21      2004      0.00  
       1        22      2004      0.00  
       1        23      2004      0.00  
       1        24      2004      0.00  
       1        25      2004      0.00  
       1        26      2004      0.00  
       1        27      2004      0.00  
       1        28      2004      0.00  
       1        29      2004      0.00  
       1        30      2004      0.00  
       1        31      2004      0.00  
       2         1      2004      0.00  
       2         2      2004      0.00  
       2         3      2004      0.03  
       2         4      2004      0.00  
       2         5      2004      0.03  
       2         6      2004      0.00  
       2         7      2004      0.00  
       2         8      2004      0.01  
       2         9      2004      0.01  
       2        10      2004      0.00  
       2        11      2004      0.00  
       2        12      2004      0.00  
       2        13      2004      0.00  
       2        14      2004      0.00  
       2        15      2004      0.00  
       2        16      2004      0.00  
       2        17      2004      0.09  
       2        18      2004      0.00  
       2        19      2004      0.06  
       2        20      2004      0.04  
       2        21      2004      0.00  
       2        22      2004      0.02  
       2        23      2004      0.00  
       2        24      2004      0.00  
       2        25      2004      0.00  
       2        26      2004      0.00  
       2        27      2004      0.00  
       2        28      2004      0.00  
       2        29      2004      0.18  