Year      Month     Average
2000      1         0.0258
2000      2         0.0721
2000      3         0.0997
2000      4         0.0590
2000      5         0.1468
2000      6         0.2970
2000      7         0.2161
2000      8         0.0010
2000      9         0.0973
2000      10        0.1265
2000      11        0.0563
2000      12        0.0200
2001      1         0.1142
2001      2         0.1471
2001      3         0.0400
2001      4         0.1237
2001      5         0.2300
2001      6         0.1953
2001      7         0.1106
2001      8         0.0735
2001      9         0.0747
2001      10        0.1874
2001      11        0.0603
2001      12        0.0594
2002      1         0.0887
2002      2         0.0232
2002      3         0.0545
2002      4         0.0923
2002      5         0.3419
2002      6         0.1147
2002      7         0.0932
2002      8         0.0348
2002      9         0.0800
2002      10        0.0516
2002      11        0.0247
2002      12        0.0419
2003      1         0.0084
2003      2         0.0911
2003      3         0.0965
2003      4         0.1103
2003      5         0.1565
2003      6         0.1003
2003      7         0.0406
2003      8         0.1894
2003      9         0.1667
2003      10        0.0510
2003      11        0.0890
2003      12        0.1432
2004      1         0.0777
2004      2         0.0386
2004      3         0.1723
2004      4         0.1960
2004      5         0.1513
2004      6         0.1983
2004      7         0.1255
2004      8         0.0868
2004      9         0.0287
2004      10        0.1823
2004      11        0.2283
2004      12        0.0513
2005      1         0.1594
2005      2         0.0764
2005      3         0.0326
2005      4         0.1007
2005      5         0.0839
2005      6         0.1387
2005      7         0.0506
2005      8         0.1184
2005      9         0.0977
2005      10        0.0381
2005      11        0.0427
2005      12        0.0135
2006      1         0.0306
2006      2         0.0004
2006      3         0.0674
2006      4         0.1433
2006      5         0.1771
2006      6         0.1480
2006      7         0.0697
2006      8         0.0513
2006      9         0.0273
2006      10        0.0742
2006      11        0.0593
2006      12        0.0861
2007      1         0.0455
2007      2         0.0718
2007      3         0.1352
2007      4         0.1293
2007      5         0.1574
2007      6         0.6560
2007      7         0.0939
2007      8         0.0429
2007      9         0.1190
2007      10        0.1245
2007      11        0.0370
2007      12        0.0581
2008      1         0.0219
2008      2         0.1066
2008      3         0.1932
2008      4         0.2460
2008      5         0.3484
2008      6         0.3450
2008      7         0.1597
2008      8         0.0406
2008      9         0.3080
2008      10        0.0806
2008      11        0.0417
2008      12        0.0665
2009      1         0.0029
2009      2         0.0700
2009      3         0.1139
2009      4         0.1183
2009      5         0.1784
2009      6         0.2177
2009      7         0.1510
2009      8         0.0865
2009      9         0.1967
2009      10        0.2210
2009      11        0.0627
2009      12        0.0445
2010      1         0.0426
2010      2         0.0489
2010      3         0.0819
2010      4         0.0793
2010      5         0.2123
2010      6         0.1137
2010      7         0.2132
2010      8         0.0629
2010      9         0.2950
2010      10        0.0242
2010      11        0.0867
2010      12        0.0239
2011      1         0.0035
2011      2         0.1121
2011      3         0.1213
2011      4         0.1260
2011      5         0.1513
2011      6         0.0867
2011      7         0.1494
2011      8         0.1035
2011      9         0.0857
2011      10        0.0265
2011      11        0.1783
2011      12        0.0852
2012      1         0.0023
2012      2         0.0907
2012      3         0.1881
2012      4         0.2533
2012      5         0.1216
2012      6         0.1117
2012      7         0.0168
2012      8         0.1726
2012      9         0.2223
2012      10        0.1442
2012      11        0.0523
2012      12        0.0261
2013      1         0.0652
2013      2         0.1011
2013      3         0.1168
2013      4         0.1753
2013      5         0.2171
2013      6         0.1897
2013      7         0.1177
2013      8         0.1177
2013      9         0.0580
2013      10        0.1442
2013      11        0.0460
2013      12        0.0323
2014      1         0.0142
2014      2         0.0029
2014      3         0.0429
2014      4         0.0397
2014      5         0.0665
2014      6         0.2220
2014      7         0.0694
2014      8         0.0439
2014      9         0.0767
2014      10        0.1687
2014      11        0.0333
2014      12        0.0581
2015      1         0.0206
2015      2         0.0186
2015      3         0.0674
2015      4         0.1067
2015      5         0.2645
2015      6         0.1693
2015      7         0.1110
2015      8         0.1694
2015      9         0.0483
2015      10        0.0487
2015      11        0.2470
2015      12        0.2703
2016      1         0.0168
2016      2         0.0121
2016      3         0.0732
2016      4         0.1393
2016      5         0.2271
2016      6         0.1460
2016      7         0.1823
2016      8         0.0726
2016      9         0.1757
2016      10        0.1532
2016      11        0.0233
2016      12        0.0277
2017      1         0.0800
2017      2         0.0068
2017      3         0.0732
2017      4         0.4033
2017      5         0.2461
2017      6         0.1433
2017      7         0.1055
2017      8         0.2287
2017      9         0.0647
2017      10        0.1400
2017      11        0.0123
2017      12        0.0248
2018      1         0.0235
2018      2         0.1418
2018      3         0.0677
2018      4         0.0450
2018      5         0.1377
2018      6         0.0797
2018      7         0.0671
2018      8         0.1826
2018      9         0.1063
2018      10        0.0810
2018      11        0.0687
2018      12        0.1068
2019      1         0.0548
2019      2         0.0832
2019      3         0.1029
2019      4         0.1810
2019      5         0.4803
2019      6         0.2050
2019      7         0.1900
2019      8         0.2342
2019      9         0.1667
2019      10        0.1687
2019      11        0.0663
2019      12        0.0484
2020      1         0.1168
2020      2         0.0866
2020      3         0.2119
2020      4         0.1190
2020      5         0.2700
2020      6         0.0517
2020      7         0.1500
2020      8         0.0687
2020      9         0.0097
2020      10        0.1110
2020      11        0.1080
2020      12        0.0500
2021      1         0.1700
2021      2         0.0118
2021      3         0.1626
2021      4         0.0827
2021      5         0.1603
2021      6         0.2553
2021      7         0.1890
2021      8         0.0865
2021      9         0.0447
2021      10        0.2265
2021      11        0.0357
2021      12        0.0413
2022      1         0.0184
2022      2         0.0518
2022      3         0.1271
2022      4         0.0937
2022      5         0.3010
2022      6         0.1150
2022      7         0.0306
2022      8         0.0652
2022      9         0.0253
2022      10        0.0916
2022      11        0.1090
2022      12        0.0632
2023      1         0.0529
2023      2         0.0786
2023      3         0.0713
2023      4         0.0287
2023      5         0.1439
2023      6         0.0867
2023      7         0.0723
2023      8         0.1406
2023      9         0.1620
2023      10        0.0623
2023      11        0.0520
2023      12        0.0797
2024      1         0.0684
2024      2         0.0334
2024      3         0.0906
2024      4         0.2370
2024      5         0.2061
